rowcode	last_month1
1	35.00
2	31.00
3	48.00
4	19.00
5	29.00
6	17.00
7	3.00
8	3.00
9	53.00
10	64.00
11	111.00
12	16.00
13	6.00
14	6.00
15	50.00
16	375.00
17	60.00
18	25.00
19	196.00
20	38.00
21	144.00
22	109.00
23	60.00
24	60.00
25	17.00
26	18.00
27	13.00
28	215.00
29	110.00
30	40.00
31	100.00
32	67.00
33	63.00
34	209.00
35	30.00
36	35.00
37	35.00
38	2.00
39	145.00
40	55.00
41	70.00
42	73.00
43	55.00
44	12.30
45	85.00
46	65.00
47	3.00
48	3.00
49	8.00
50	8.00
51	16.70
52	16.00
53	17.20
54	28.00
55	359.00
56	80.00
57	8.10
58	12.10
59	18.00
60	8.70
61	9.00
62	30.00
63	35.00
64	20.00
65	17.00
66	85.00
67	16.00
68	4.50
69	70.00
70	110.00
71	25.00
72	15.00
73	12.00
74	73.00
75	60.00
76	14.00
77	83.00
78	81.00
79	32.00
80	40.00
81	36.00
82	27.00
83	19.00
84	15.00
85	19.00
86	40.00
87	5.00
88	40.00
89	20.00
90	32.00
91	16.00
92	8.00
93	21.00
94	7.00
95	91.00
96	212.00
97	188.00
98	21.00
99	40.00
100	6.00
101	15.00
102	25.00
103	35.00
104	20.00
105	180.00
106	57.00
107	57.00
108	44.00
109	35.00
110	115.00
111	218.00
112	64.00
113	210.00
114	68.00
115	107.00
116	48.00
117	28.00
118	10.00
119	110.00
120	102.00
121	22.00
122	185.00
123	38.00
124	30.00
125	40.00
126	102.00
127	32.00
128	41.00
129	140.00
130	190.00
131	77.00
132	25.00
133	15.00
134	32.00
135	55.00
136	45.00
137	45.00
138	5.00
139	40.00
140	3.75
141	35.00
142	26.00
143	25.00
144	10.00
145	50.00
146	24.00
147	34.00
148	17.00
149	15.00
150	2.50
151	2.51
152	51.00
153	92.00
154	58.00
155	32.00
156	6.00
157	50.00
158	76.00
159	75.00
160	23.00
161	90.00
162	10.00
163	110.00
164	75.00
165	10.00
166	20.00
167	82.00
168	17.00
169	17.50
170	175.00
171	32.00
172	55.00
173	40.00
174	15.00
175	11.00
176	225.00
177	30.00
178	26.00
179	10.00
180	2.00
181	289.00
182	265.00
183	62.00
184	75.00
185	48.00
186	171.10
187	55.00
188	4.50
189	8.00
190	85.00
191	300.00
192	60.00
193	90.00
194	50.00
195	84.00
196	125.00
197	40.00
198	47.00
199	16.00
200	18.00
201	50.00
202	35.00
203	16.00
204	17.00
205	4.75
206	71.00
207	24.00
208	60.00
209	65.00
210	72.00
211	50.00
212	16.00
213	120.00
214	48.00
215	38.00
216	27.00
217	30.00
218	42.00
219	8.00
220	43.00
221	11.00
222	11.00
223	11.00
224	2.50
225	2.50
226	15.00
227	26.00
228	94.00
229	90.00
230	112.00
231	42.00
232	3.00
233	15.00
234	39.00
235	30.00
236	1370.00
237	555.00
238	76.00
239	35.00
240	21.00
241	34.00
242	20.00
243	55.00
244	79.00
245	68.00
246	14.00
247	190.00
248	70.00
249	51.00
250	72.00
251	8.50
252	50.00
253	85.00
254	32.00
255	75.00
256	37.00
257	265.00
258	36.00
259	15.00
260	39.00
261	100.00
262	50.00
263	75.00
264	89.00
265	190.00
266	35.00
267	28.00
268	15.00
269	38.00
270	60.00
271	40.00
272	38.00
273	25.00
274	38.00
275	8.00
276	30.00
277	16.00
278	20.00
279	29.00
280	17.00
281	2.50
282	50.00
283	85.00
284	75.00
285	31.00
286	12.00
287	6.00
288	50.00
289	240.00
290	135.00
291	70.00
292	28.00
293	10.00
294	130.00
295	190.00
296	40.00
297	175.00
298	38.00
299	84.00
300	17.00
301	16.50
302	19.50
303	18.00
304	360.00
305	20.00
306	14.00
307	75.00
308	23.00
309	32.00
310	28.00
311	9.00
312	8.00
313	2.00
314	215.00
315	68.00
316	75.00
317	32.00
318	45.00
319	250.00
320	120.00
321	15.00
322	35.00
323	5.50
324	7.00
325	7.00
326	115.00
327	115.00
328	160.00
329	80.00
330	350.00
331	35.00
332	60.00
333	35.00
334	80.00
335	90.00
336	90.00
337	40.00
338	55.00
339	15.00
340	15.00
341	20.00
342	25.00
343	17.00
344	17.00
345	65.00
346	160.00
347	35.00
348	14.00
349	70.00
350	105.00
351	13.00
352	475.00
353	31.00
354	70.00
355	38.00
356	34.00
357	24.00
358	18.00
359	25.00
360	40.00
361	7.00
362	54.50
363	32.00
364	12.00
365	12.00
366	21.50
367	25.00
368	28.00
369	78.00
370	85.00
371	85.00
372	110.00
373	38.00
374	12.00
375	3.00
376	13.00
377	13.00
378	40.00
379	28.00
380	360.00
381	13749.00
382	11590.00
383	7490.00
384	3490.00
385	4500.00
386	6100.00
387	8351.00
388	530.00
389	801.00
390	890.00
391	790.00
392	40.00
393	45.00
394	30.00
395	22.00
396	50.00
397	50.00
398	75.00
399	28.00
400	37.00
401	32.00
402	18.00
403	42.00
404	50.00
405	62.00
406	19.00
407	45.00
408	70.00
409	85.00
410	72.00
411	32.00
412	28.00
413	78.00
414	29.00
415	85.00
416	72.00
417	35.00
418	35.00
419	290.00
420	35.00
421	35.00
422	65.00
423	95.00
424	95.00
425	70.00
426	170.00
427	190.00
428	34.00
429	38.00
430	48.00
431	48.00
432	48.00
433	68.00
434	3.98
435	34.00
436	2.98
437	25.00
438	25.00
439	25.00
440	22.00
441	225.00
442	20.00
443	28.00
444	16.00
445	15.00
446	2.50
447	92.00
448	65.00
449	60.00
450	30.00
451	6.50
452	48.00
453	100.00
454	60.00
455	24.00
456	110.00
457	10.00
458	140.00
459	195.00
460	20.00
461	10.00
462	65.00
463	19.00
464	18.00
465	18.00
466	190.00
467	22.00
468	15.00
469	15.00
470	35.00
471	38.00
472	30.00
473	10.00
474	2.00
475	35.00
476	50.00
477	45.00
478	50.00
479	5.00
480	8.00
481	110.00
482	40.00
483	60.00
484	65.00
485	45.00
486	45.00
487	110.00
488	100.00
489	110.00
490	35.00
491	80.00
492	18.00
493	18.00
494	34.58
495	60.00
496	20.00
497	18.00
498	4.00
499	70.00
500	145.00
501	30.00
502	100.00
503	15.00
504	65.00
505	78.00
506	58.00
507	14.00
508	68.00
509	48.00
510	38.00
511	26.00
512	32.00
513	38.00
514	6.00
515	100.00
516	18.00
517	22.00
518	1.00
519	1.00
520	32.00
521	85.00
522	80.00
523	95.00
524	120.00
525	40.00
526	40.00
527	3.00
528	16.00
529	30.00
530	110.00
531	35.00
532	1.00
533	8.00
534	8.00
535	8.00
536	265.00
537	28.00
538	38.00
539	45.00
540	38.00
541	38.00
542	65.00
543	68.00
544	85.00
545	7.00
546	40.00
547	85.00
548	65.00
549	28.00
550	28.00
551	38.00
552	48.00
553	35.00
554	45.00
555	55.00
556	48.00
557	320.00
558	32.00
559	22.00
560	15.00
561	30.00
562	45.00
563	5.00
564	44.99
565	5.00
566	25.00
567	16.00
568	25.00
569	10.00
570	198.00
571	17.00
572	27.99
573	8.00
574	15.00
575	2.50
576	90.00
577	65.00
578	59.00
579	33.00
580	6.50
581	52.00
582	45.00
583	55.00
584	25.00
585	85.00
586	95.00
587	80.00
588	80.00
589	185.00
590	60.00
591	35.00
592	39.00
593	17.00
594	18.00
595	195.00
596	20.00
597	45.00
598	20.00
599	198.00
600	29.00
601	2.50
602	150.00
603	70.00
604	3.00
605	58.00
606	40.00
607	75.00
608	12.00
609	65.00
610	5.00
611	9.00
612	100.00
613	20.00
614	18.00
615	110.00
616	15.00
617	45.00
618	90.00
619	95.00
620	5.00
621	18.00
622	9.00
623	80.00
624	11.00
625	30.00
626	70.00
627	18.00
628	30.00
629	25.00
630	25.00
631	18.00
632	5.00
633	80.00
634	145.00
635	36.01
636	27.00
637	62.00
638	15.00
639	125.00
640	32.00
641	44.00
642	49.00
643	25.00
644	19.00
645	36.00
646	6.00
647	100.00
648	33.00
649	15.00
650	10.00
651	10.00
652	6.00
653	4.00
654	30.00
655	95.00
656	95.00
657	120.00
658	38.00
659	3.00
660	15.00
661	42.00
662	25.00
663	699.00
664	992.00
665	665.00
666	32.00
667	55.00
668	35.00
669	30.00
670	40.00
671	42.00
672	25.00
673	58.00
674	118.00
675	49.00
676	10.00
677	48.00
678	68.00
679	85.00
680	15.00
681	29.00
682	108.00
683	179.50
684	20.00
685	42.00
686	35.00
687	280.00
688	28.00
689	115.00
690	98.00
691	98.00
692	37.00
693	58.00
694	195.00
695	35.00
696	29.00
697	10.00
698	28.00
699	45.00
700	45.00
701	5.00
702	37.00
703	4.00
704	32.00
705	13.00
706	17.00
707	200.00
708	17.00
709	27.00
710	8.00
711	15.00
712	2.50
713	86.00
714	90.00
715	165.00
716	31.00
717	6.00
718	65.00
719	208.00
720	56.00
721	25.00
722	245.00
723	10.00
724	150.00
725	187.00
726	37.00
727	20.00
728	17.00
729	20.00
730	175.00
731	23.00
732	55.00
733	45.00
734	12.00
735	85.00
736	12.00
737	25.00
738	29.00
739	2.50
740	166.00
741	85.00
742	76.00
743	35.00
744	50.00
745	6.50
746	11.00
747	40.00
748	450.00
749	75.00
750	82.00
751	75.00
752	115.00
753	159.00
754	135.00
755	20.00
756	70.00
757	20.00
758	21.00
759	22.00
760	35.00
761	22.00
762	19.00
763	5.00
764	109.00
765	75.00
766	70.00
767	69.00
768	120.00
769	17.00
770	269.00
771	256.00
772	42.00
773	35.00
774	26.00
775	30.00
776	38.00
777	8.50
778	80.00
779	22.00
780	21.00
781	25.00
782	2.50
783	2.50
784	17.00
785	30.00
786	87.00
787	249.00
788	120.00
789	40.00
790	6.00
791	15.00
792	40.00
793	24.00
794	20.00
795	42.00
796	19.00
797	58.00
798	49.00
799	44.00
800	20.00
801	90.00
802	40.00
803	40.00
804	105.00
805	8.00
806	80.00
807	85.00
808	27.00
809	36.00
810	140.00
811	265.00
812	55.00
813	40.00
814	76.00
815	50.00
816	33.00
817	50.00
818	32.00
819	15.00
820	17.00
821	45.00
822	55.00
823	5.00
824	30.56
825	4.00
826	30.00
827	14.00
828	23.00
829	15.00
830	45.00
831	30.00
832	38.00
833	18.00
834	20.00
835	2.50
836	2.50
837	50.00
838	70.00
839	32.00
840	32.00
841	6.00
842	48.00
843	60.00
844	25.00
845	10.00
846	125.00
847	95.00
848	60.00
849	10.00
850	60.00
851	17.00
852	16.00
853	18.00
854	14.00
855	350.00
856	180.00
857	22.00
858	65.00
859	15.00
860	225.70
861	40.00
862	40.00
863	10.00
864	2.50
865	185.00
866	92.00
867	95.00
868	55.00
869	75.00
870	38.00
871	45.00
872	80.00
873	50.00
874	160.00
875	20.00
876	60.00
877	6.00
878	10.00
879	10.00
880	160.00
881	30.00
882	35.00
883	220.00
884	120.00
885	350.00
886	85.00
887	80.00
888	55.00
889	38.00
890	150.00
891	110.00
892	115.00
893	50.00
894	80.00
895	25.00
896	18.00
897	70.00
898	10.00
899	12.00
900	20.00
901	20.00
902	5.00
903	70.00
904	25.00
905	55.00
906	38.00
907	38.00
908	70.00
909	80.00
910	15.00
911	165.00
912	40.00
913	35.00
914	25.00
915	18.00
916	27.00
917	38.00
918	8.00
919	85.00
920	35.00
921	10.00
922	10.00
923	5.00
924	2.50
925	9.00
926	7.00
927	75.00
928	95.00
929	50.00
930	130.00
931	42.00
932	6.00
933	15.00
934	40.00
935	1.00
936	30.00
937	40.00
938	60.40
939	18.00
940	55.00
941	50.00
942	65.00
943	20.00
944	25.00
945	50.00
946	78.00
947	70.00
948	10.00
949	28.00
950	85.00
951	85.00
952	35.00
953	65.00
954	35.00
955	385.00
956	45.00
957	48.00
958	50.00
959	78.00
960	155.00
961	50.00
962	22.00
963	30.00
964	225.00
965	35.00
966	15.00
967	25.00
968	55.00
969	60.00
970	5.00
971	41.00
972	3.50
973	31.00
974	24.00
975	24.00
976	14.00
977	46.00
978	12.00
979	47.00
980	18.00
981	27.00
982	15.00
983	2.50
984	50.00
985	81.00
986	56.00
987	31.00
988	32.00
989	6.00
990	45.00
991	75.00
992	28.00
993	115.00
994	252.00
995	30.00
996	100.00
997	20.00
998	132.00
999	17.00
1000	19.00
1001	302.00
1002	32.00
1003	47.00
1004	49.00
1005	15.00
1006	200.00
1007	25.00
1008	25.00
1009	10.00
1010	2.50
1011	85.00
1012	81.00
1013	75.00
1014	29.00
1015	40.00
1016	100.00
1017	50.00
1018	105.00
1019	14.00
1020	45.00
1021	10.00
1022	10.00
1023	145.00
1024	25.00
1025	112.00
1026	10.00
1027	230.00
1028	56.00
1029	70.00
1030	35.00
1031	20.00
1032	78.00
1033	85.00
1034	85.00
1035	42.00
1036	40.00
1037	25.00
1038	20.00
1039	50.00
1040	30.00
1041	38.00
1042	20.00
1043	22.00
1044	4.85
1045	69.00
1046	122.00
1047	22.00
1048	81.00
1049	43.00
1050	70.00
1051	119.00
1052	16.00
1053	300.00
1054	32.00
1055	45.00
1056	37.00
1057	23.00
1058	20.00
1059	33.00
1060	38.00
1061	8.50
1062	60.00
1063	10.00
1064	20.00
1065	1.00
1066	1.00
1067	16.00
1068	8.00
1069	85.00
1070	90.00
1071	120.00
1072	40.00
1073	6.00
1074	32.00
1075	29.00
1076	290.00
1077	24.00
1078	2.00
1079	30.00
1080	183.50
1081	25.00
1082	56.00
1083	20.00
1084	325.00
1085	204.00
1086	100.00
1087	20.56
1088	6.50
1089	23.00
1090	41.00
1091	40.00
1092	19.00
1093	62.00
1094	105.00
1095	50.00
1096	70.00
1097	220.00
1098	69.00
1099	158.00
1100	95.00
1101	8.00
1102	34.00
1103	78.00
1104	83.00
1105	29.00
1106	51.00
1107	36.00
1108	36.00
1109	34.00
1110	38.00
1111	93.00
1112	46.00
1113	198.00
1114	34.00
1115	14.00
1116	15.00
1117	42.00
1118	60.00
1119	44.00
1120	4.80
1121	37.00
1122	4.00
1123	30.00
1124	24.00
1125	40.00
1126	45.00
1127	16.00
1128	29.00
1129	40.00
1130	15.00
1131	15.00
1132	2.50
1133	2.50
1134	55.00
1135	84.00
1136	110.00
1137	33.00
1138	7.00
1139	50.00
1140	100.00
1141	55.00
1142	70.00
1143	10.00
1144	110.00
1145	70.00
1146	20.00
1147	6.00
1148	17.00
1149	18.50
1150	280.00
1151	361.00
1152	21.00
1153	40.00
1154	15.00
1155	14.00
1156	238.00
1157	37.00
1158	10.00
1159	2.00
1160	238.00
1161	45.00
1162	78.00
1163	50.00
1164	135.00
1165	45.00
1166	30.00
1167	110.00
1168	55.00
1169	5.00
1170	9.00
1171	150.00
1172	18.00
1173	80.00
1174	11.00
1175	250.00
1176	70.00
1177	80.00
1178	40.00
1179	25.00
1180	80.00
1181	80.00
1182	25.00
1183	80.00
1184	18.00
1185	18.00
1186	65.00
1187	40.00
1188	55.00
1189	21.00
1190	4.00
1191	4.80
1192	72.00
1193	130.00
1194	35.00
1195	15.00
1196	108.00
1197	16.00
1198	135.00
1199	32.00
1200	40.00
1201	48.00
1202	38.00
1203	25.00
1204	32.00
1205	39.00
1206	10.00
1207	40.00
1208	35.00
1209	18.00
1210	5.00
1211	1.00
1212	30.00
1213	80.00
1214	90.00
1215	51.00
1216	115.00
1217	42.00
1218	6.00
1219	15.00
1220	200.00
1221	180.00
1222	2.00
1223	40.00
1224	30.00
1225	33.00
1226	20.00
1227	45.00
1228	65.00
1229	22.00
1230	25.00
1231	79.00
1232	10.00
1233	32.00
1234	80.00
1235	80.00
1236	33.00
1237	45.00
1238	30.00
1239	32.00
1240	55.00
1241	38.00
1242	135.00
1243	30.00
1244	45.00
1245	95.00
1246	33.00
1247	17.00
1248	38.00
1249	50.00
1250	50.00
1251	4.50
1252	45.00
1253	3.50
1254	25.00
1255	25.00
1256	27.00
1257	45.00
1258	12.00
1259	45.00
1260	16.00
1261	30.00
1262	15.00
1263	18.00
1264	15.00
1265	3.00
1266	50.00
1267	60.00
1268	160.00
1269	30.00
1270	6.00
1271	50.00
1272	95.00
1273	54.00
1274	22.00
1275	150.00
1276	10.00
1277	135.00
1278	70.00
1279	50.00
1280	11.00
1281	70.00
1282	17.00
1283	18.00
1284	17.00
1285	335.00
1286	260.00
1287	20.00
1288	30.00
1289	39.00
1290	14.00
1291	14.00
1292	80.00
1293	35.00
1294	10.00
1295	2.50
1296	235.00
1297	68.00
1298	65.00
1299	34.00
1300	55.00
1301	135.00
1302	55.00
1303	110.00
1304	20.00
1305	75.00
1306	5.00
1307	10.00
1308	160.00
1309	25.00
1310	100.00
1311	15.00
1312	300.00
1313	75.00
1314	70.00
1315	75.00
1316	30.00
1317	80.00
1318	87.00
1319	90.00
1320	42.00
1321	60.00
1322	25.00
1323	18.00
1324	70.00
1325	45.00
1326	50.00
1327	20.00
1328	4.50
1329	4.50
1330	65.00
1331	85.00
1332	48.00
1333	14.00
1334	65.00
1335	90.00
1336	15.00
1337	130.00
1338	105.00
1339	65.00
1340	45.00
1341	35.00
1342	25.92
1343	32.00
1344	37.00
1345	8.00
1346	80.00
1347	35.00
1348	10.00
1349	12.00
1350	30.00
1351	2.00
1352	3.00
1353	7.00
1354	80.00
1355	90.00
1356	120.00
1357	37.00
1358	6.00
1359	16.00
1360	40.00
1361	215.00
1362	35.00
1363	1.00
1364	25.00
1365	30.00
1366	40.00
1367	19.00
1368	47.00
1369	33.00
1370	60.00
1371	65.01
1372	70.00
1373	10.00
1374	40.00
1375	47.00
1376	34.00
1377	35.00
1378	27.00
1379	24.00
1380	40.00
1381	60.00
1382	38.00
1383	45.00
1384	40.00
1385	90.00
1386	33.00
1387	30.00
1388	15.00
1389	30.00
1390	55.00
1391	5.00
1392	40.00
1393	4.00
1394	25.00
1395	25.00
1396	18.00
1397	10.00
1398	8.00
1399	30.00
1400	15.00
1401	3.00
1402	55.00
1403	60.00
1404	55.00
1405	32.00
1406	6.00
1407	50.00
1408	90.00
1409	80.00
1410	28.00
1411	140.00
1412	5.00
1413	5.00
1414	19.00
1415	17.00
1416	140.00
1417	22.00
1418	45.00
1419	15.00
1420	210.00
1421	30.00
1422	10.00
1423	3.00
1424	270.00
1425	75.00
1426	70.00
1427	15.00
1428	60.00
1429	3.00
1430	6.00
1431	85.00
1432	35.00
1433	30.00
1434	90.00
1435	110.00
1436	30.00
1437	55.00
1438	20.00
1439	20.00
1440	20.00
1441	18.00
1442	5.00
1443	68.00
1444	45.00
1445	45.00
1446	60.00
1447	120.00
1448	32.00
1449	38.00
1450	50.00
1451	26.00
1452	30.00
1453	75.00
1454	34.00
1455	10.00
1456	5.00
1457	2.00
1458	3.00
1459	10.00
1460	50.00
1461	85.00
1462	52.00
1463	120.00
1464	38.00
1465	3.00
1466	15.00
1467	40.00
1468	238.00
1469	1.00
1470	32.00
1471	38.00
1472	45.00
1473	15.00
1474	60.00
1475	15.00
1476	76.00
1477	18.00
1478	75.00
1479	32.00
1480	15.00
1481	35.00
1482	28.00
1483	65.01
1484	60.00
1485	35.00
1486	50.00
1487	25.00
1488	330.00
1489	35.00
1490	25.00
1491	45.00
1492	50.00
1493	60.00
1494	5.00
1495	40.00
1496	4.00
1497	35.00
1498	25.00
1499	10.00
1500	50.00
1501	29.00
1502	15.00
1503	3.00
1504	48.00
1505	65.00
1506	40.00
1507	32.00
1508	7.00
1509	48.00
1510	100.00
1511	60.00
1512	23.00
1513	10.00
1514	25.00
1515	25.00
1516	150.00
1517	85.00
1519	40.00
1520	5.00
1521	10.00
1522	40.00
1523	18.00
1524	19.00
1525	140.00
1526	40.00
1527	15.00
1528	77.00
1529	30.00
1530	10.00
1531	2.50
1532	170.00
1533	81.00
1534	75.00
1535	34.00
1536	45.00
1537	60.00
1538	5.00
1539	9.00
1540	90.00
1541	300.00
1542	80.00
1543	45.00
1544	60.00
1545	115.00
1546	85.00
1547	40.00
1548	70.00
1549	18.00
1550	20.00
1551	40.00
1552	50.00
1553	20.00
1554	5.00
1555	110.00
1556	45.00
1557	30.00
1558	75.00
1559	15.00
1560	205.00
1561	32.00
1562	37.00
1563	14.00
1564	14.00
1565	40.00
1566	10.00
1567	90.00
1568	35.00
1569	20.00
1570	13.00
1571	8.00
1572	2.00
1573	20.00
1574	40.00
1575	95.00
1576	50.00
1577	3.00
1578	42.00
1579	15.00
1580	32.00
1581	240.00
1582	240.00
1583	240.00
1584	11.00
1585	45.00
1586	38.00
1587	46.00
1588	20.00
1589	60.00
1590	58.00
1591	56.00
1592	25.00
1593	44.00
1594	120.00
1595	20.00
1596	30.00
1597	102.00
1598	220.00
1599	38.00
1600	90.00
1601	25.00
1602	25.00
1603	135.00
1604	135.00
1605	32.00
1606	65.00
1607	86.00
1608	215.00
1609	20.00
1610	30.00
1611	55.00
1612	70.00
1613	50.00
1614	45.00
1615	5.00
1616	32.00
1617	4.00
1618	33.00
1619	26.00
1620	14.00
1621	18.00
1622	12.00
1623	47.00
1624	17.00
1625	29.00
1626	20.00
1627	19.00
1628	15.00
1629	3.00
1630	50.00
1631	47.00
1632	55.00
1633	31.00
1634	8.00
1635	46.00
1636	82.00
1637	24.00
1638	90.00
1639	12.00
1640	125.00
1641	160.00
1642	10.00
1643	10.00
1644	18.00
1645	20.00
1646	190.00
1647	25.00
1648	49.00
1649	30.00
1650	17.00
1651	80.00
1652	13.00
1653	40.00
1654	29.00
1655	2.50
1656	150.00
1657	42.00
1658	70.00
1659	15.00
1660	65.00
1661	3.00
1662	6.00
1663	4.00
1664	80.00
1665	45.00
1666	100.00
1667	100.00
1668	50.00
1669	60.00
1670	18.00
1671	20.00
1672	12.00
1673	13.00
1674	20.00
1675	20.00
1676	5.00
1677	69.00
1678	126.00
1679	28.00
1680	73.00
1681	75.00
1682	12.00
1683	230.00
1684	33.00
1685	45.00
1686	38.00
1687	28.00
1688	33.00
1689	15.00
1690	36.00
1691	10.00
1692	85.00
1693	38.00
1694	12.00
1695	1.00
1696	2.00
1697	3.00
1698	10.00
1699	79.00
1700	82.00
1701	49.00
1702	129.00
1703	40.00
1704	6.00
1705	16.00
1706	40.00
1707	245.00
1708	245.00
1709	26.00
1710	38.00
1711	40.00
1712	43.00
1713	21.00
1714	31.00
1715	62.00
1716	45.00
1717	5.00
1718	16.00
1719	120.00
1720	70.00
1721	54.00
1722	55.00
1723	12.00
1724	29.00
1725	80.00
1726	31.00
1727	25.00
1728	38.00
1729	51.00
1730	29.00
1731	49.00
1732	57.00
1733	38.00
1734	43.00
1735	47.00
1736	28.00
1737	25.00
1738	85.00
1739	31.00
1740	16.00
1741	15.00
1742	31.00
1743	46.00
1744	49.00
1745	5.00
1746	42.00
1747	15.90
1748	33.00
1749	23.00
1750	14.00
1751	20.00
1752	42.00
1753	16.00
1754	30.00
1755	27.00
1756	12.00
1757	2.50
1758	80.00
1759	89.00
1760	55.00
1761	31.00
1762	6.50
1763	48.00
1764	170.00
1765	58.00
1766	73.16
1767	92.00
1768	10.00
1769	100.00
1770	225.00
1771	10.00
1772	20.00
1773	78.00
1774	17.00
1775	18.00
1776	18.00
1777	190.00
1778	11.00
1779	64.00
1780	40.00
1781	54.00
1782	194.00
1783	38.00
1784	30.00
1785	9.00
1786	2.00
1787	110.00
1788	65.00
1789	35.00
1790	55.00
1791	18.00
1792	75.00
1793	8.00
1794	11.00
1795	120.00
1796	25.00
1797	150.00
1798	108.00
1799	300.00
1800	40.00
1801	60.00
1802	30.00
1803	86.00
1804	122.00
1805	100.00
1806	45.00
1807	75.00
1808	30.00
1809	20.00
1810	25.00
1811	25.00
1812	22.00
1813	5.00
1814	4.82
1815	81.00
1816	48.00
1817	14.00
1818	70.01
1819	100.00
1820	33.00
1821	28.00
1822	42.00
1823	36.00
1824	27.00
1825	33.00
1826	39.00
1827	8.50
1828	70.00
1829	37.00
1830	10.00
1831	10.00
1832	5.00
1833	6.00
1834	30.00
1835	100.00
1836	50.00
1837	115.00
1838	11.00
1839	3.00
1840	15.00
1841	40.00
1842	22.00
1844	599.00
1845	96.70
1846	40.00
1847	38.00
1848	36.00
1849	170.00
1850	85.00
1851	37.00
1852	21.00
1853	147.00
1854	91.00
1855	117.01
1856	31.00
1857	35.00
1858	35.00
1859	46.00
1860	19.00
1861	30.50
1862	36.00
1863	51.00
1864	77.00
1865	58.00
1866	87.00
1867	41.00
1868	190.00
1869	13.00
1870	80.00
1871	82.00
1872	20.00
1873	27.00
1874	44.00
1875	39.00
