rowcode	last_month1	last_month2	last_month3
1	4.8	4.8	4.8
2	34.0	34.0	34.0
3	3.8	3.8	3.8
4	39.0	39.0	39.0
5	29.0	21.0	21.0
6	24.0	24.0	26.0
7	12.0	12.0	12.0
8	227.0	227.0	220.0
9	38.0	38.0	31.0
10	29.0	29.0	26.0
11	19.0	17.5	17.5
12	16.0	16.0	16.0
13	2.5	2.5	3.0
14	57.0	57.0	57.0
15	63.0	63.0	63.0
16	64.0	64.0	64.0
17	35.0	35.0	35.0
18	6.0	6.0	6.0
19	52.0	52.0	52.0
20	67.0	67.0	67.0
21	25.5	25.5	25.5
22	230.0	230.0	348.0
23	12.0	12.0	12.0
24	140.0	140.0	140.0
25	238.0	238.0	238.0
26	50.0	50.0	50.0
27	11.0	11.0	11.0
28	43.0	43.0	43.0
29	16.0	16.0	16.0
30	15.0	15.0	14.5
31	329.5	329.5	334.0
32	11.0	11.0	11.0
33	61.0	55.0	55.0
34	16.0	15.0	15.0
35	88.0	88.0	75.0
36	22.0	24.0	24.0
37	2.0	1.9	1.9
38	335.0	335.0	335.0
39	104.0	104.0	104.0
40	72.0	72.0	67.0
41	25.0	27.0	27.0
42	48.0	45.0	48.0
43	32.0	32.0	
44	142.0	142.0	170.0
45	12.0	12.0	12.0
46	29.0	33.0	29.0
47	5.5	5.0	5.0
48	6.5	6.5	6.0
49	250.0	250.0	210.0
50	20.0	20.0	24.0
51	78.0	78.0	
52	133.0	133.0	130.0
53	9.5	9.5	9.5
54	28.5	35.0	30.0
55	65.0	65.0	70.0
56	97.0	97.0	97.0
57	37.0	37.0	50.0
58	22.0	22.0	25.0
59	92.0	92.0	92.0
60	130.0	130.0	130.0
61	110.0	110.0	126.0
62	32.0	29.0	23.0
63	48.0	54.0	59.0
64	23.5	20.0	19.0
65	22.0	22.0	23.0
66	87.0	87.0	87.0
67	38.0	30.0	41.0
68	22.0	22.0	22.0
69	16.5	15.0	15.0
70	4.8	4.8	4.8
71	135.0	68.0	68.0
72	138.0	138.0	103.0
73	33.0	33.0	33.0
74	40.0	40.0	40.0
75	127.0	127.0	140.0
76	14.5	14.0	14.0
77	150.0	150.0	150.0
78	32.0	32.0	32.0
79	19.0	19.0	19.0
80	34.0	36.0	36.0
81	17.5	17.5	17.0
82	19.0	19.0	17.5
83	30.0	35.0	35.0
84	5.0	5.0	5.0
85	54.0	52.0	65.0
86	36.0	36.0	36.0
87	18.0	14.0	14.0
88	50.0	49.0	49.0
89	32.0	32.0	32.0
90	24.0	24.0	24.0
91	30.0	30.0	30.0
92	87.0	87.0	87.0
93	97.0	97.0	97.0
94	299.0	299.0	299.0
95	115.0	115.0	115.0
96	10.5	11.0	11.0
97	3.0	3.0	3.0
98	15.0	15.0	15.0
99	40.0	40.0	40.0
100	239.0	110.0	110.0
101	31.0	31.0	31.0
102	33.0	33.0	33.0
103	55.0	55.0	55.0
104	35.0	35.0	35.0
105	60.0	60.0	60.0
106	18.0	18.0	18.0
107	51.0	51.0	51.0
108	40.0	40.0	28.0
109	54.0	62.0	62.0
110	15.0	15.0	15.0
111	100.0	100.0	100.0
112	94.0	94.0	94.0
113	64.0	64.0	
114	63.0	63.0	63.0
115	16.0	16.0	16.0
116	45.0	45.0	45.0
117	40.0	40.0	40.0
118	30.0	30.0	30.0
119	42.0	42.0	42.0
120	44.0	44.0	44.0
121	179.0	179.0	179.0
122	35.0	35.0	35.0
123	40.0	40.0	40.0
124	54.0	54.0	42.0
125	82.0	82.0	82.0
126	66.0	66.0	66.0
127	215.0	215.0	215.0
128	39.0	39.0	39.0
129	23.0	13.0	30.0
130	9.0	9.0	9.0
131	25.0	25.0	44.0
132	70.0	70.0	75.0
133	49.0	49.0	49.0
134	9.5	9.5	9.5
135	37.6	37.8	38.0
136	7.5	7.5	7.5
137	32.0	32.0	38.0
138	156.0	156.0	156.0
139	24.0	24.0	23.0
140	55.0	43.0	43.0
141	14.0	12.0	12.0
142	42.0	42.0	42.0
143	8.0	7.3	7.3
144	28.0	28.0	26.0
145	8.0	8.0	8.0
146	17.0	15.5	15.5
147	13.0	13.0	13.0
148	10.0	10.0	10.0
149	2.5	2.5	2.5
150	63.0	63.0	58.0
151	60.0	60.0	55.0
152	55.0	55.0	55.0
153	32.8	32.8	32.8
154	6.0	6.0	6.0
155	45.0	45.0	45.0
156	132.0	130.0	132.0
157	64.0	64.0	60.0
158	31.0	24.0	26.0
159	10.0	10.0	10.5
160	100.0	120.0	170.0
161	180.0	180.0	120.0
162	10.0	10.0	10.0
163	37.5	37.5	31.5
164	17.3	17.3	17.3
165	16.5	15.0	15.0
166	335.0	335.0	335.0
167	35.8	35.8	35.8
168	42.0	42.0	42.0
169	15.5	15.5	15.5
170	83.0	81.0	81.8
171	30.0	30.0	25.0
172	40.0	40.0	37.0
173	8.0	8.5	8.5
174	2.5	2.5	2.5
175	270.0	270.0	270.0
176	80.0	75.0	92.0
177	100.0	100.0	100.0
178	32.0	24.5	24.5
179	45.0	50.0	45.0
180	250.0	130.0	170.0
181	65.0	67.0	65.0
182	120.0	110.0	120.0
183	18.0	15.0	10.0
184	40.0	35.0	45.0
185	6.0	6.0	6.0
186	5.5	7.0	6.0
187	18.0	16.0	18.0
188	32.0	25.0	25.0
189	10.0	11.3	10.0
190	9.0	8.5	9.6
191	20.0	18.0	40.0
192	7.5	7.5	8.5
193	78.0	78.0	78.0
194	4.6	4.2	5.0
195	25.0	24.0	25.0
196	97.2	91.8	90.0
197	90.0	102.9	108.0
198	90.0	95.0	95.0
199	90.0	102.0	102.6
200	10.8	11.5	11.0
201	40.0	42.0	35.0
202	55.0	50.0	55.0
203	32.0	32.0	20.0
204	27.0	30.0	25.0
205	72.0	81.0	75.0
206	18.0	18.0	16.0
207	27.0	27.0	22.0
208	19.5	19.5	19.5
209	20.0	20.0	20.0
210	9.5	9.5	9.5
211	92.0	92.0	92.0
212	49.5	49.5	49.5
213	64.5	70.0	60.5
214	76.5	83.0	83.0
215	123.0	123.0	123.0
216	12.0	14.0	14.0
217	465.0	458.0	458.0
218	28.0	28.0	28.0
219	45.0	45.0	39.0
220	36.0	36.0	36.0
221	25.5	25.5	25.5
222	30.0	30.0	28.5
223	38.0	38.0	38.0
224	8.5	8.5	8.5
225	70.0	55.0	80.0
226	35.0	35.0	35.0
227	22.0	22.0	22.0
228	8.5	8.5	8.5
229	10.0	8.5	10.0
230	10.0	8.5	10.0
231	15.5	15.5	15.5
232	8.0	7.5	7.5
233	92.0	92.0	92.0
234	92.0	92.0	92.0
235	62.0	62.0	62.0
236	110.0	110.0	100.0
237	40.0	40.0	40.0
238	5.3	5.3	5.3
239	15.0	14.5	14.5
240	40.0	35.0	40.0
241	90.0	90.0	90.0
242	30.0	31.0	30.0
243	38.0	38.0	31.8
244	35.0	35.0	35.0
245	37.0	37.0	37.0
246	43.0	43.0	43.0
247	38.0	38.0	38.0
248	35.0	35.0	35.0
249	49.0	49.0	49.0
250	25.0	21.0	21.0
251	55.0	55.0	55.0
252	81.8	81.8	81.8
253	13.3	13.3	13.3
254	90.0	90.0	79.5
255	35.0	35.0	35.0
256	32.0	32.0	32.0
257	45.0	45.0	45.0
258	38.0	33.8	33.8
259	71.5	71.5	59.3
260	41.0	41.0	41.0
261	65.0	58.0	65.0
262	100.0	100.0	100.0
263	28.0	22.5	22.5
264	78.0	78.0	78.0
265	93.0	95.0	95.0
266	42.0	42.0	42.0
267	30.0	30.0	30.0
268	35.0	35.0	33.0
269	17.0	17.0	17.0
270	40.0	40.0	40.0
271	35.0	35.0	30.0
272	60.0	60.0	60.0
273	41.0	41.0	41.0
274	41.0	41.0	41.0
275	70.0	70.0	70.0
276	35.0	35.0	35.0
277	35.0	35.0	35.0
278	43.0	43.0	41.0
279	16.0	16.0	16.0
280	29.0	29.0	25.0
281	17.0	17.0	15.0
282	4.0	4.0	4.0
283	2.5	2.5	2.5
284	53.0	53.0	51.0
285	64.0	64.0	55.0
286	111.0	111.0	100.0
287	16.0	16.0	16.0
288	6.0	6.0	6.0
289	6.0	6.0	6.0
290	46.0	46.0	45.0
291	85.0	85.0	85.0
292	57.0	57.0	58.0
293	19.0	19.0	19.0
294	75.0	75.0	75.0
295	38.0	38.0	35.0
296	110.0	110.0	110.0
297	112.0	110.0	85.0
298	17.0	17.0	17.0
299	60.0	60.0	54.0
300	18.0	18.0	17.0
301	18.0	18.0	17.5
302	13.0	13.0	13.0
303	153.0	153.0	190.0
304	110.0	110.0	110.0
305	40.0	40.0	40.0
306	100.0	115.0	115.0
307	67.0	67.0	67.0
308	59.0	59.0	60.0
309	209.0	209.0	200.0
310	33.0	32.0	32.0
311	35.0	35.0	33.0
312	2.0	2.0	29.0
313	2.0	2.0	2.0
314	145.0	145.0	110.0
315	55.0	65.0	65.0
316	65.0	65.0	65.0
317	69.0	69.0	69.0
318	4.5	4.5	4.5
319	12.3	11.6	10.0
320	60.0	60.0	60.0
321	140.0	140.0	134.0
322	3.0	9.0	6.0
323	7.0	6.5	4.0
324	7.5	7.5	5.0
325	8.0	8.0	6.0
326	29.4	15.0	15.0
327	20.0	23.0	23.0
328	18.5	8.1	7.0
329	12.0	9.8	7.5
330	257.0	269.0	60.8
331	72.0	65.0	65.0
332	8.0	8.7	8.7
333	16.6	5.0	5.0
334	19.0	20.0	20.0
335	15.8	8.0	7.0
336	10.4	9.0	34.0
337	41.0	41.0	40.0
338	30.0	40.0	40.0
339	20.0	15.0	15.0
340	25.0	12.0	12.0
341	81.0	80.0	46.0
342	75.6	75.6	75.6
343	4.0	4.0	4.0
344	52.0	57.0	57.0
345	13.0	13.0	13.0
346	25.0	25.0	25.0
347	15.0	15.0	14.0
348	35.0	35.0	35.0
349	69.0	69.0	69.0
350	60.0	60.0	60.0
351	14.0	14.0	14.0
352	180.0	180.0	180.0
353	182.0	155.0	155.0
354	28.0	28.0	28.0
355	35.0	35.0	35.0
356	37.0	36.0	36.0
357	27.0	26.0	26.0
358	23.0	23.0	23.0
359	15.0	20.0	20.0
360	20.0	20.0	20.0
361	40.0	40.0	36.0
362	5.0	5.0	7.0
363	30.0	50.0	50.0
364	20.0	20.0	20.0
365	32.0	32.0	32.0
366	12.0	10.0	12.0
367	6.0	6.0	6.0
368	21.0	21.0	21.0
369	7.0	7.0	4.5
370	203.0	203.0	190.0
371	46.0	46.0	46.0
372	50.0	50.0	50.0
373	20.0	20.0	20.0
374	40.0	40.0	40.0
375	6.0	6.0	7.0
376	15.0	15.0	15.0
377	25.0	25.0	60.0
378	35.0	35.0	35.0
379	20.0	20.0	20.0
380	155.0	155.0	155.0
381	48.0	48.0	29.0
382	50.0	50.0	50.0
383	42.0	44.0	44.0
384	36.0	36.0	36.0
385	125.0	125.0	125.0
386	209.0	209.0	210.0
387	64.0	64.0	67.0
388	88.0	88.0	88.0
389	48.0	48.0	48.0
390	48.0	48.0	48.0
391	44.0	44.0	44.0
392	41.0	41.0	41.0
393	10.0	10.0	10.0
394	110.0	110.0	110.0
395	107.0	107.0	107.0
396	22.0	22.0	22.0
397	100.0	100.0	100.0
398	38.0	38.0	38.0
399	24.0	24.0	24.0
400	40.0	40.0	40.0
401	105.0	105.0	130.0
402	40.0	40.0	40.0
403	185.0	185.0	185.0
404	140.0	140.0	140.0
405	190.0	190.0	190.0
406	77.0	77.0	77.0
407	25.0	25.0	25.0
408	15.0	15.0	15.0
409	30.0	30.0	30.0
410	55.0	55.0	55.0
411	55.0	55.0	55.0
412	45.0	45.0	45.0
413	10.0	10.0	10.0
414	178.0	178.0	178.0
415	52.0	52.0	52.0
416	6.5	6.5	6.5
417	38.0	35.0	35.0
418	23.0	24.0	24.0
419	23.0	23.0	23.0
420	12.0	12.0	12.0
421	212.0	197.0	197.0
422	18.0	17.0	16.0
423	27.0	27.0	26.0
424	15.0	15.0	15.0
425	60.0	60.0	60.0
426	2.5	2.5	2.5
427	50.0	50.0	50.0
428	80.0	75.0	75.0
429	56.0	56.0	56.0
430	30.0	30.0	30.0
431	6.3	6.3	6.3
432	6.8	6.8	6.8
433	38.0	38.0	38.0
434	45.0	45.0	45.0
435	56.0	56.0	56.0
436	24.0	24.0	24.0
437	10.0	10.0	10.0
438	90.0	115.0	115.0
439	192.0	192.0	192.0
440	10.0	10.0	10.0
441	73.0	82.0	82.0
442	17.0	17.0	17.0
443	17.0	17.0	16.0
444	15.0	15.0	15.0
445	335.0	335.0	335.0
446	300.0	300.0	300.0
447	58.0	58.0	58.0
448	48.0	44.0	44.0
449	12.0	12.0	12.0
450	210.0	190.0	190.0
451	9.0	9.0	9.0
452	29.0	27.0	27.0
453	42.0	42.0	42.0
454	40.0	42.0	42.0
455	2.5	2.5	2.0
456	135.0	130.0	130.0
457	35.0	35.0	35.0
458	65.0	65.0	65.0
459	68.0	68.0	68.0
460	30.0	30.0	30.0
461	120.0	130.0	120.0
462	90.0	90.0	150.0
463	62.0	27.0	35.0
464	5.5	4.5	5.0
465	6.0	6.0	7.0
466	6.0	6.0	7.0
467	190.0	175.0	195.0
468	22.0	19.0	25.0
469	85.0	90.0	100.0
470	7.8	7.0	8.0
471	17.0	27.0	25.0
472	60.0	60.0	40.0
473	70.0	72.0	70.0
474	68.0	66.0	68.0
475	7.8	7.8	8.0
476	92.0	90.0	95.0
477	95.0	102.0	110.0
478	30.0	30.0	30.0
479	48.0	42.0	48.0
480	26.0	26.0	22.0
481	20.0	23.0	20.0
482	72.0	70.0	72.0
483	15.0	15.0	15.0
484	27.0	30.0	30.0
485	19.0	19.0	19.0
486	3.3	3.5	3.8
487	10.0	10.0	10.0
488	72.0	72.0	72.0
489	42.0	42.0	40.0
490	28.0	28.0	28.0
491	14.0	14.0	14.0
492	21.0	21.0	21.0
493	67.0	62.0	62.0
494	75.0	75.0	75.0
495	68.0	68.0	68.0
496	14.0	14.0	14.0
497	168.0	168.0	130.0
498	83.0	83.0	83.0
499	28.0	28.0	28.0
500	39.0	39.0	38.0
501	30.0	30.0	30.0
502	18.0	18.0	18.0
503	21.0	20.0	20.0
504	8.5	8.5	8.5
505	65.0	42.0	52.0
506	35.0	35.0	35.0
507	20.0	31.0	31.0
508	15.0	20.0	20.0
509	20.0	20.0	20.0
510	2.3	2.3	2.3
511	38.0	33.0	33.0
512	39.0	35.0	35.0
513	79.0	79.0	79.0
514	50.0	50.0	50.0
515	87.0	87.0	87.0
516	60.0	60.0	60.0
517	105.0	105.0	105.0
518	39.0	39.0	39.0
519	11.0	11.0	11.0
520	3.0	3.0	3.0
521	14.0	14.0	14.0
522	39.0	38.0	38.0
523	65.0	70.0	70.0
524	30.0	30.0	30.0
525	25.0	25.0	25.0
526	43.0	43.0	43.0
527	18.0	18.0	18.0
528	48.0	39.0	39.0
529	119.0	115.0	115.0
530	65.0	65.0	65.0
531	18.0	15.0	15.0
532	90.0	135.0	135.0
533	60.0	60.0	60.0
534	75.0	75.0	75.0
535	73.0	105.0	105.0
536	7.0	7.0	7.0
537	25.0	25.0	25.0
538	82.0	82.0	82.0
539	68.0	79.0	79.0
540	28.0	25.0	25.0
541	36.0	32.0	32.0
542	35.0	35.0	35.0
543	68.0	68.0	68.0
544	38.0	38.0	38.0
545	100.0	100.0	100.0
546	26.0	26.0	26.0
547	35.0	35.0	35.0
548	215.0	215.0	215.0
549	100.0	100.0	100.0
550	34.0	34.0	34.0
551	27.0	27.0	27.0
552	32.0	32.0	32.0
553	13.0	13.0	13.0
554	31.0	31.0	31.0
555	35.0	58.0	35.0
556	45.0	65.0	65.0
557	4.8	4.8	4.8
558	39.0	39.0	40.0
559	3.8	3.8	3.8
560	35.0	30.0	35.0
561	26.0	25.0	25.0
562	25.0	25.0	25.0
563	28.0	50.0	50.0
564	10.0	10.0	10.0
565	50.0	43.0	42.0
566	17.0	17.0	17.0
567	29.0	29.0	26.0
568	17.0	17.0	16.0
569	15.0	15.0	15.0
570	3.0	2.5	2.5
571	2.5	2.5	2.5
572	51.0	51.0	51.0
573	92.0	85.0	85.0
574	56.0	56.0	56.0
575	32.0	32.0	32.0
576	6.5	6.5	6.5
577	52.0	48.0	48.0
578	76.0	80.0	80.0
579	73.0	73.0	75.0
580	28.0	24.0	21.0
581	70.0	70.0	70.0
582	10.0	11.0	11.0
583	115.0	115.0	115.0
584	95.0	90.0	92.0
585	10.0	10.0	10.0
586	20.0	20.0	20.0
587	82.0	82.0	82.0
588	19.0	19.0	18.2
589	18.0	16.0	16.0
590	170.0	170.0	170.0
591	32.0	30.0	30.0
592	55.0	57.0	57.0
593	40.0	40.0	40.0
594	14.0	14.0	14.0
595	20.0	20.0	18.0
596	200.0	200.0	215.0
597	30.0	27.0	28.0
598	27.0	27.0	28.0
599	10.0	10.0	10.0
600	2.0	2.0	2.0
601	289.0	289.0	289.0
602	160.0	160.0	160.0
603	62.0	62.0	62.0
604	60.0	60.0	60.0
605	48.0	48.0	54.0
606	110.0	110.0	100.0
607	69.0	61.0	40.0
608	6.0	6.0	4.0
609	8.0	5.0	7.0
610	76.0	76.0	76.0
611	220.0	370.0	450.0
612	61.0	74.0	55.0
613	86.4	85.0	80.0
614	80.0	75.0	65.0
615	85.0	87.0	85.0
616	122.0	110.0	120.0
617	50.0	43.0	45.0
618	60.0	60.0	65.0
619	25.0	20.0	20.0
620	22.0	26.0	25.0
621	50.0	57.0	45.0
622	35.0	31.0	31.0
623	16.0	16.0	16.0
624	18.0	20.0	20.0
625	4.8	4.8	4.8
626	68.0	68.0	68.0
627	24.0	24.0	28.0
628	57.0	55.0	55.0
629	62.0	62.0	60.0
630	60.0	65.0	65.0
631	50.0	58.0	58.0
632	15.0	15.0	15.0
633	108.0	125.0	130.0
634	48.0	40.0	39.0
635	38.0	36.0	36.0
636	27.0	25.0	27.0
637	32.0	30.0	28.0
638	42.0	40.0	39.0
639	8.0	6.0	6.0
640	75.0	60.0	47.0
641	11.0	11.0	10.0
642	11.0	11.0	11.0
643	11.0	11.0	11.0
644	2.0	2.0	2.0
645	2.0	2.0	2.0
646	2.5	2.5	2.5
647	26.0	26.0	26.0
648	90.0	91.0	90.0
649	98.0	90.0	90.0
650	99.0	99.0	112.0
651	42.0	42.0	41.0
652	3.0	3.0	3.0
653	15.0	15.0	15.0
654	39.0	40.0	40.0
655	30.0	30.0	30.0
656	1370.0	1370.0	1750.0
657	555.0	555.0	555.0
658	76.0	76.0	76.0
659	35.0	38.0	38.0
660	21.0	21.0	21.0
661	33.0	33.0	27.0
662	19.0	23.0	18.0
663	57.0	60.0	60.0
664	79.0	79.0	68.0
665	65.0	65.0	75.0
666	14.0	14.0	14.0
667	190.0	189.0	189.0
668	70.0	70.0	70.0
669	51.0	45.0	45.0
670	70.0	72.0	72.0
671	7.0	6.5	6.5
672	50.0	30.0	30.0
673	77.0	77.0	77.0
674	30.0	30.0	30.0
675	75.0	70.0	70.0
676	37.0	37.0	37.0
677	265.0	265.0	265.0
678	55.0	55.0	55.0
679	15.0	15.0	15.0
680	39.0	39.0	39.0
681	100.0	160.0	100.0
682	65.0	65.0	65.0
683	75.0	75.0	75.0
684	89.0	89.0	89.0
685	190.0	190.0	190.0
686	35.0	35.0	35.0
687	32.0	32.0	32.0
688	15.0	13.0	13.0
689	38.0	38.0	38.0
690	36.0	44.0	44.0
691	48.0	48.0	48.0
692	4.8	4.8	4.8
693	45.0	55.0	55.0
694	3.8	3.8	3.8
695	25.5	29.0	29.0
696	26.0	26.0	26.0
697	24.0	24.0	24.0
698	17.0	17.0	17.0
699	10.0	10.0	10.0
700	40.0	43.0	43.0
701	17.0	17.0	15.0
702	28.0	24.0	24.0
703	17.5	17.0	15.5
704	9.0	7.5	7.5
705	10.0	10.0	10.0
706	2.5	2.3	2.0
707	43.0	43.0	43.0
708	68.0	68.0	65.0
709	80.5	80.5	80.5
710	32.5	32.5	32.5
711	5.8	5.8	5.5
712	50.0	50.0	48.0
713	180.0	180.0	180.0
714	54.0	54.0	56.0
715	26.0	24.5	24.5
716	256.0	256.0	277.0
717	10.0	10.0	10.0
718	132.0	150.0	137.0
719	170.0	170.0	200.0
720	10.0	10.0	10.0
721	17.0	16.8	16.8
722	17.0	15.5	15.5
723	13.0	13.0	12.0
724	182.0	173.0	173.0
725	18.0	16.0	16.0
726	67.5	67.5	67.0
727	12.0	12.0	14.0
728	170.0	170.0	169.0
729	40.0	40.0	38.5
730	9.0	9.0	9.0
731	2.5	2.6	2.5
732	104.0	104.0	103.5
733	68.0	68.0	56.0
734	82.0	82.0	82.0
735	26.0	26.0	29.0
736	104.0	104.0	104.0
737	15.0	14.0	14.0
738	60.0	28.0	45.0
739	38.0	38.0	40.0
740	50.0	50.0	50.0
741	20.0	17.0	25.0
742	50.0	120.0	100.0
743	95.0	90.0	94.0
744	400.0	413.0	411.1
745	75.0	75.0	75.0
746	82.0	82.0	75.0
747	37.0	35.0	35.0
748	20.0	23.0	23.0
749	88.0	88.0	88.0
750	125.0	125.0	100.0
751	32.0	55.0	60.0
752	43.0	45.0	65.0
753	23.0	27.0	20.0
754	24.0	20.0	13.0
755	18.0	15.0	22.5
756	27.0	20.0	27.0
757	19.0	19.0	19.0
758	17.0	17.0	17.0
759	4.8	4.8	4.8
760	40.0	40.0	40.0
761	87.0	87.0	70.0
762	36.0	36.0	36.0
763	75.0	75.0	74.0
764	30.0	30.0	30.0
765	65.0	65.0	65.0
766	16.0	15.0	15.0
767	126.0	126.0	126.0
768	115.0	115.0	115.0
769	66.0	66.0	66.0
770	45.0	45.0	38.0
771	36.5	36.5	36.5
772	28.0	26.0	26.0
773	31.0	31.0	32.0
774	40.0	40.0	40.0
775	9.0	9.0	9.0
776	57.0	63.0	63.0
777	31.5	31.5	34.5
778	4.3	3.0	4.0
779	1.3	1.3	1.3
780	57.5	57.5	57.5
781	39.0	39.0	39.0
782	80.0	80.0	80.0
783	48.0	48.0	45.0
784	40.0	40.0	41.0
785	38.0	38.0	38.0
786	3.0	3.0	3.0
787	14.0	14.0	14.0
788	40.0	35.0	40.0
789	245.0	245.0	215.0
790	1.0	1.0	1.0
791	15.0	15.0	15.0
792	36.5	34.0	36.0
793	43.0	43.0	43.0
794	18.0	18.0	18.0
795	84.0	84.0	84.0
796	100.0	100.0	100.0
797	127.0	118.0	115.0
798	57.0	57.0	57.0
799	102.0	102.0	102.0
800	8.5	8.5	9.0
801	30.0	30.0	30.0
802	73.0	73.0	76.0
803	28.0	28.0	28.0
804	50.0	37.0	37.0
805	34.5	34.5	34.5
806	34.5	34.5	34.5
807	195.0	195.0	195.0
808	32.0	32.0	35.0
809	91.0	91.0	91.0
810	81.0	81.0	81.0
811	93.0	93.0	93.0
812	80.0	80.0	77.0
813	38.0	38.0	35.0
814	73.0	73.0	73.0
815	85.0	85.0	85.0
816	35.0	35.0	35.0
817	26.0	26.0	28.0
818	12.5	12.5	12.0
819	30.0	30.0	30.0
820	60.0	60.0	60.0
821	60.0	60.0	60.0
822	38.0	38.0	38.0
823	40.0	40.0	40.0
824	38.0	38.0	37.0
825	25.0	25.0	25.0
826	38.0	38.0	38.0
827	8.0	8.0	8.0
828	30.0	30.0	30.0
829	14.0	14.0	13.8
830	20.0	20.0	20.0
831	29.0	29.0	28.0
832	19.0	19.0	19.0
833	2.5	2.5	2.5
834	50.0	50.0	50.0
835	85.0	85.0	85.0
836	75.0	75.0	100.0
837	31.0	31.0	31.0
838	10.0	10.0	10.0
839	6.0	6.0	6.0
840	55.0	55.0	55.0
841	240.0	240.0	240.0
842	135.0	135.0	135.0
843	60.0	60.0	60.0
844	28.0	28.0	28.0
845	10.0	10.0	10.0
846	130.0	130.0	130.0
847	120.0	120.0	120.0
848	40.0	40.0	40.0
849	175.0	175.0	169.0
850	6.0	6.0	6.0
851	75.0	75.0	84.0
852	17.0	17.0	17.0
853	16.5	16.5	16.5
854	17.5	17.5	17.8
855	15.0	15.0	15.0
856	360.0	360.0	340.0
857	20.0	20.0	20.0
858	14.0	14.0	14.0
859	72.0	72.0	72.0
860	28.0	28.0	24.0
861	32.0	32.0	32.0
862	28.0	28.0	23.0
863	9.0	9.0	9.0
864	5.0	5.0	5.0
865	2.0	2.0	1.9
866	215.0	215.0	295.0
867	68.0	68.0	68.0
868	60.0	60.0	60.0
869	26.0	25.0	25.0
870	45.0	45.0	45.0
871	260.0	250.0	250.0
872	120.0	120.0	120.0
873	12.0	12.0	12.0
874	35.0	35.0	35.0
875	5.0	5.0	5.0
876	7.0	8.0	7.0
877	6.0	7.0	7.0
878	150.0	150.0	150.0
879	150.0	150.0	150.0
880	160.0	160.0	240.0
881	80.0	80.0	80.0
882	350.0	500.0	450.0
883	50.0	50.0	70.0
884	45.0	45.0	50.0
885	35.0	30.0	30.0
886	80.0	80.0	80.0
887	95.0	90.0	90.0
888	90.0	90.0	90.0
889	40.0	30.0	35.0
890	60.0	55.0	55.0
891	25.0	20.0	20.0
892	22.0	22.0	18.0
893	20.0	20.0	18.0
894	25.0	25.0	20.0
895	17.0	17.0	17.0
896	18.5	18.5	18.5
897	56.0	56.0	56.0
898	160.0	160.0	160.0
899	35.0	35.0	35.0
900	15.0	15.0	14.0
901	69.0	69.0	69.0
902	110.0	110.0	110.0
903	13.0	13.0	13.0
904	430.0	430.0	460.0
905	70.0	70.0	70.0
906	70.0	70.0	70.0
907	34.0	34.0	35.0
908	35.0	35.0	35.0
909	36.0	24.0	24.0
910	17.0	17.0	15.0
911	27.0	27.0	27.0
912	36.0	36.0	36.0
913	7.0	7.0	7.0
914	60.0	55.0	55.0
915	30.0	30.0	30.0
916	12.0	12.0	12.0
917	13.5	13.5	13.5
918	21.5	21.5	20.5
919	25.0	25.0	25.0
920	26.0	26.0	26.0
921	85.0	85.0	85.0
922	80.0	80.0	80.0
923	85.0	85.0	85.0
924	105.0	105.0	105.0
925	40.0	40.0	40.0
926	11.0	11.0	11.0
927	3.0	3.0	3.0
928	13.0	13.0	13.0
929	13.0	13.0	13.0
930	40.0	40.0	40.0
931	28.0	28.0	28.0
932	230.0	230.0	230.0
933	13749.0	13749.0	13749.0
934	11005.0	11005.0	11005.0
935	3410.0	3410.0	3410.0
936	4590.0	4590.0	4590.0
937	6100.0	6100.0	7590.0
938	8690.0	8690.0	8690.0
939	530.0	530.0	530.0
940	890.0	890.0	800.0
941	1350.0	1350.0	1350.0
942	695.0	695.0	595.0
943	48.0	48.0	48.0
944	48.0	48.0	48.0
945	27.0	27.0	27.0
946	16.0	16.0	12.0
947	50.0	50.0	50.0
948	127.0	127.0	127.0
949	28.0	28.0	28.0
950	36.0	36.0	36.0
951	32.0	32.0	35.0
952	17.0	17.0	17.0
953	42.0	42.0	42.0
954	42.0	42.0	42.0
955	62.0	62.0	62.0
956	23.0	23.0	23.0
957	45.0	20.0	18.0
958	55.0	55.0	55.0
959	43.5	43.5	43.5
960	55.0	55.0	55.0
961	32.0	32.0	35.0
962	35.0	35.0	35.0
963	75.0	75.0	75.0
964	27.0	27.0	27.0
965	85.0	85.0	85.0
966	55.0	55.0	55.0
967	35.0	35.0	35.0
968	34.0	34.0	34.0
969	195.0	195.0	195.0
970	35.0	35.0	35.0
971	12.8	12.7	12.7
972	35.0	35.0	36.0
973	87.0	87.0	87.0
974	62.0	62.0	62.0
975	30.0	30.0	30.0
976	190.0	190.0	190.0
977	180.0	180.0	180.0
978	34.0	34.0	34.0
979	12.0	12.0	12.0
980	45.0	45.0	45.0
981	48.0	48.0	47.0
982	47.0	47.0	47.0
983	60.0	60.0	58.0
984	4.8	4.8	4.8
985	30.0	30.0	25.0
986	38.0	38.0	38.0
987	3.8	3.8	3.8
988	32.0	32.0	32.0
989	23.0	23.0	23.0
990	32.0	32.0	36.0
991	30.0	30.0	30.0
992	14.0	14.0	14.0
993	11.0	11.0	11.0
994	25.0	29.0	28.0
995	25.0	25.0	25.0
996	9.0	9.0	8.0
997	52.0	52.0	52.0
998	2.5	2.5	2.5
999	105.0	105.0	105.0
1000	45.0	45.0	45.0
1001	31.0	31.0	31.0
1002	6.0	6.0	6.0
1003	40.0	48.0	48.0
1004	120.0	84.0	84.0
1005	60.5	60.5	62.7
1006	28.0	28.0	28.0
1007	140.0	140.0	95.0
1008	90.0	90.0	130.0
1009	10.0	10.0	10.0
1010	130.0	130.0	130.0
1011	162.0	120.0	120.0
1012	42.0	31.8	31.8
1013	40.0	40.0	40.0
1014	39.6	39.6	39.6
1015	17.8	17.8	17.0
1016	16.5	16.5	16.5
1017	60.0	60.0	60.0
1018	12.5	12.5	12.5
1019	180.0	175.0	175.0
1020	30.0	30.0	30.0
1021	55.0	55.0	55.0
1022	45.0	45.0	45.0
1023	14.0	14.0	14.0
1024	72.0	72.0	72.0
1025	32.0	32.0	32.0
1026	9.0	9.0	9.0
1027	2.0	2.5	2.0
1028	110.0	110.0	110.0
1029	65.0	65.0	65.0
1030	65.0	65.0	65.0
1031	62.0	62.0	62.0
1032	61.0	60.0	60.0
1033	45.0	45.0	55.0
1034	260.0	250.0	250.0
1035	35.0	35.0	35.0
1036	120.0	120.0	120.0
1037	12.0	12.0	12.0
1038	70.0	35.0	40.0
1039	5.0	5.0	5.0
1040	7.0	7.0	7.0
1041	7.0	7.0	6.0
1042	180.0	180.0	180.0
1043	16.0	16.0	20.0
1044	165.0	105.0	105.0
1045	240.0	225.0	250.0
1046	80.0	80.0	80.0
1047	350.0	500.0	450.0
1048	50.0	85.0	50.0
1049	45.0	45.0	50.0
1050	35.0	35.0	30.0
1051	28.0	28.0	28.0
1052	80.0	80.0	85.0
1053	90.0	90.0	95.0
1054	60.0	45.0	35.0
1055	55.0	55.0	55.0
1056	22.0	25.0	22.0
1057	22.0	22.0	18.0
1058	25.0	23.0	20.0
1059	30.0	30.0	25.0
1060	18.0	20.0	22.0
1061	25.0	25.0	28.0
1062	18.0	18.0	18.0
1063	18.5	18.5	18.5
1064	4.8	4.8	4.8
1065	32.0	32.0	32.0
1066	39.0	39.0	39.0
1067	45.0	45.0	45.0
1068	35.0	34.0	34.0
1069	75.0	75.0	69.0
1070	68.0	68.0	68.0
1071	18.0	18.0	18.0
1072	120.0	120.0	120.0
1073	70.0	70.0	70.0
1074	31.0	31.0	31.0
1075	38.0	38.0	35.0
1076	35.0	35.0	35.0
1077	24.0	24.0	24.0
1078	27.0	27.0	27.0
1079	36.0	36.0	36.0
1080	8.0	8.0	8.0
1081	70.0	55.0	65.0
1082	30.0	30.0	30.0
1083	30.0	30.0	30.0
1084	25.0	25.0	25.0
1085	7.0	7.0	7.0
1086	25.0	25.0	25.0
1087	7.0	7.0	7.0
1088	55.0	55.0	55.0
1089	80.0	80.0	80.0
1090	85.0	85.0	85.0
1091	125.0	125.0	150.0
1092	105.0	105.0	95.0
1093	43.3	43.3	43.3
1094	5.0	5.0	5.0
1095	13.0	13.0	13.0
1096	40.0	40.0	40.0
1097	150.0	150.0	150.0
1098	150.0	150.0	150.0
1099	160.0	160.0	160.0
1100	145.0	145.0	145.0
1101	190.0	190.0	190.0
1102	25.0	25.0	25.0
1103	330.0	330.0	330.0
1104	120.0	120.0	120.0
1105	69.0	69.0	69.0
1106	30.0	30.0	30.0
1107	890.0	890.0	890.0
1108	70.0	70.0	70.0
1109	85.0	85.0	85.0
1110	3366.0	4290.0	4290.0
1111	7990.0	7990.0	7990.0
1112	4221.0	3690.0	3690.0
1113	4401.0	4890.0	4890.0
1114	18990.0	18990.0	18990.0
1115	1700.0	1700.0	1700.0
1116	13590.0	13590.0	13590.0
1117	295.0	298.0	295.0
1118	130.0	130.0	130.0
1119	25990.0	25990.0	25990.0
1120	7190.0	7190.0	7190.0
1121	100.0	1000.0	1000.0
1122	4590.0	4590.0	4590.0
1123	2691.0	2990.0	2990.0
1124	11590.0	11590.0	11590.0
1125	6590.0	6890.0	6890.0
1126	530.0	530.0	530.0
1127	2100.0	2100.0	2100.0
1128	1290.0	1290.0	1290.0
1129	801.0	890.0	790.0
1130	450.0	450.0	450.0
1131	27.0	27.0	27.0
1132	14.0	14.0	14.0
1133	790.0	790.0	790.0
1134	140.0	140.0	140.0
1135	30.0	30.0	30.0
1136	30.0	30.0	30.0
1137	42.0	42.0	35.0
1138	39.0	39.0	39.0
1139	48.0	48.0	48.0
1140	48.0	48.0	48.0
1141	62.0	62.0	62.0
1142	33990.0	33990.0	33990.0
1143	12815.0	12815.0	12815.0
1144	1450.0	1450.0	1450.0
1145	30.0	30.0	30.0
1146	15.0	15.0	15.0
1147	10.0	10.0	10.0
1148	50.0	50.0	50.0
1149	43.5	43.5	43.5
1150	55.0	55.0	62.0
1151	8.4	8.4	8.4
1152	35.0	35.0	35.0
1153	75.0	88.0	88.0
1154	38.0	38.0	38.0
1155	40.0	40.0	40.0
1156	26.5	26.5	26.5
1157	35.0	35.0	34.0
1158	35.0	35.0	35.0
1159	52.0	52.0	52.0
1160	38.0	38.0	38.0
1161	44.0	44.0	44.0
1162	47.0	47.0	47.0
1163	35.0	35.0	
1164	35.0	35.0	35.0
1165	175.0	175.0	175.0
1166	170.0	170.0	170.0
1167	34.0	34.0	34.0
1168	30.8	30.8	30.8
1169	55.0	55.0	25.0
1170	38.0	38.0	38.0
1171	22.0	22.0	22.0
1172	45.0	45.0	45.0
1173	45.0	45.0	45.0
1174	47.0	47.0	47.0
1175	215.0	215.0	215.0
1176	290.0	290.0	290.0
1177	75.0	75.0	75.0
1178	380.0	380.0	380.0
1179	75.0	75.0	75.0
1180	45.0	45.0	45.0
1181	380.0	380.0	380.0
1182	99.0	99.0	99.0
1183	4.0	4.0	4.0
1184	38.0	38.0	38.0
1185	3.0	3.8	3.8
1186	25.0	25.0	25.0
1187	25.0	25.0	25.0
1188	25.0	25.0	25.0
1189	22.0	22.0	22.0
1190	225.0	195.0	195.0
1191	20.0	20.0	20.0
1192	28.0	28.0	28.0
1193	16.0	16.0	16.0
1194	15.0	15.0	15.0
1195	2.5	2.5	2.5
1196	92.0	92.0	92.0
1197	65.0	65.0	65.0
1198	58.0	58.0	58.0
1199	32.0	32.0	32.0
1200	6.5	6.5	6.5
1201	45.0	45.0	45.0
1202	100.0	100.0	100.0
1203	60.0	60.0	60.0
1204	24.0	24.0	24.0
1205	120.0	120.0	120.0
1206	10.0	10.0	10.0
1207	140.0	140.0	140.0
1208	195.0	195.0	195.0
1209	20.0	20.0	20.0
1210	10.0	10.0	10.0
1211	65.0	65.0	65.0
1212	19.0	19.0	19.0
1213	18.0	18.0	18.0
1214	18.0	17.0	17.0
1215	170.0	170.0	170.0
1216	22.0	22.0	22.0
1217	15.0	15.0	15.0
1218	15.0	15.0	15.0
1219	35.0	35.0	35.0
1220	38.0	38.0	38.0
1221	30.0	27.0	27.0
1222	10.0	10.0	10.0
1223	2.5	2.5	2.5
1224	30.0	30.0	30.0
1225	45.0	50.0	50.0
1226	50.0	55.0	55.0
1227	70.0	45.0	45.0
1228	6.0	6.0	6.0
1229	7.0	7.0	7.0
1230	10.0	10.0	10.0
1231	35.0	30.0	30.0
1232	50.0	70.0	60.0
1233	60.0	60.0	80.0
1234	45.0	45.0	45.0
1235	40.0	40.0	45.0
1236	100.0	100.0	100.0
1237	100.0	100.0	100.0
1238	100.0	120.0	120.0
1239	60.0	30.0	30.0
1240	80.0	70.0	70.0
1241	25.0	30.0	25.0
1242	30.0	30.0	25.0
1243	35.0	34.0	34.0
1244	50.0	54.0	54.0
1245	20.0	20.0	20.0
1246	18.0	18.0	18.0
1247	4.0	4.0	4.0
1248	70.0	70.0	70.0
1249	145.0	145.0	145.0
1250	30.0	30.0	30.0
1251	38.0	38.0	38.0
1252	15.0	15.0	15.0
1253	65.0	65.0	65.0
1254	78.0	75.0	75.0
1255	48.0	45.0	48.0
1256	14.0	13.0	13.0
1257	65.0	65.0	65.0
1258	45.0	42.0	42.0
1259	38.0	38.0	38.0
1260	28.0	28.0	28.0
1261	32.0	30.0	30.0
1262	38.0	36.0	38.0
1263	6.0	6.0	6.0
1264	70.0	70.0	70.0
1265	18.0	18.0	18.0
1266	10.0	10.0	10.0
1267	1.0	1.0	1.0
1268	1.0	1.0	1.0
1269	32.0	28.0	28.0
1270	85.0	85.0	85.0
1271	80.0	80.0	80.0
1272	95.0	95.0	90.0
1273	120.0	120.0	110.0
1274	40.0	40.0	40.0
1275	40.0	40.0	40.0
1276	3.0	3.0	3.0
1277	16.0	16.0	16.0
1278	30.0	38.0	30.0
1279	110.0	110.0	110.0
1280	35.0	35.0	35.0
1281	1.0	1.0	1.0
1282	6.0	6.0	6.0
1283	10.0	10.0	10.0
1284	8.0	8.0	10.0
1285	260.0	260.0	270.0
1286	28.0	28.0	28.0
1287	42.0	38.0	38.0
1288	45.0	45.0	45.0
1289	38.0	38.0	38.0
1290	38.0	35.0	35.0
1291	65.0	65.0	65.0
1292	80.0	80.0	80.0
1293	78.0	78.0	78.0
1294	7.0	7.0	7.0
1295	40.0	38.0	38.0
1296	85.0	85.0	85.0
1297	65.0	65.0	65.0
1298	28.0	28.0	28.0
1299	28.0	28.0	28.0
1300	38.0	38.0	38.0
1301	48.0	48.0	48.0
1302	35.0	35.0	35.0
1303	45.0	45.0	45.0
1304	55.0	55.0	55.0
1305	48.0	48.0	48.0
1306	320.0	320.0	320.0
1307	35.0	35.0	35.0
1308	22.0	22.0	22.0
1309	15.0	15.0	15.0
1310	30.0	30.0	30.0
1311	45.0	45.0	45.0
1312	5.0	5.0	5.0
1313	52.0	47.9	46.0
1314	3.8	3.8	3.8
1315	43.0	43.0	34.0
1316	25.0	25.0	26.0
1317	13.0	13.0	13.0
1318	10.0	10.0	10.0
1319	42.0	41.0	42.0
1320	18.0	18.0	14.0
1321	30.0	30.0	30.0
1322	22.0	22.0	20.0
1323	16.0	16.0	16.0
1324	60.0	60.0	60.0
1325	3.0	3.0	2.0
1326	65.0	75.0	75.0
1327	55.0	55.0	45.0
1328	55.0	60.0	60.0
1329	32.0	32.0	32.0
1330	34.0	32.0	32.0
1331	6.0	6.0	6.0
1332	47.0	47.0	47.0
1333	98.0	105.0	75.0
1334	85.0	85.0	85.0
1335	25.0	25.0	25.0
1336	95.0	95.0	185.0
1337	38.0	32.0	32.0
1338	150.0	150.0	130.0
1339	185.0	185.0	170.0
1340	18.0	18.0	20.0
1341	37.0	37.0	37.0
1342	17.5	17.5	18.0
1343	16.5	16.7	17.0
1344	166.0	159.3	171.0
1345	19.0	19.0	17.0
1346	35.0	35.0	40.0
1347	12.0	12.0	12.0
1348	83.0	83.0	72.0
1349	36.0	36.0	25.0
1350	26.0	25.0	25.0
1351	11.0	11.0	11.0
1352	2.5	2.5	2.0
1353	75.0	65.0	65.0
1354	78.0	75.0	75.0
1355	45.0	45.0	50.0
1356	70.0	45.0	65.0
1357	110.0	110.0	95.0
1358	12.0	10.0	15.0
1359	58.0	24.0	30.0
1360	6.0	6.0	6.0
1361	6.0	6.0	7.0
1362	200.0	180.0	280.0
1363	25.0	22.0	20.0
1364	18.0	18.0	18.0
1365	195.0	195.0	195.0
1366	70.0	80.0	80.0
1367	300.0	300.0	450.0
1368	55.0	85.0	75.0
1369	70.0	70.0	70.0
1370	80.0	80.0	80.0
1371	20.0	25.0	25.0
1372	90.0	90.0	95.0
1373	115.0	115.0	110.0
1374	64.0	30.0	35.0
1375	55.0	50.0	65.0
1376	22.0	26.0	25.0
1377	25.0	32.0	25.0
1378	75.0	81.0	87.0
1379	40.0	40.0	40.0
1380	66.0	60.0	60.0
1381	22.0	22.0	18.0
1382	17.0	22.0	20.0
1383	4.8	4.8	4.8
1384	68.0	68.0	75.0
1385	84.0	84.3	86.0
1386	25.0	25.0	32.0
1387	24.0	24.0	24.0
1388	65.0	62.0	62.0
1389	67.0	75.0	73.0
1390	75.0	75.0	70.0
1391	118.0	118.0	100.0
1392	13.0	13.0	13.0
1393	120.0	120.0	120.0
1394	78.0	72.0	72.0
1395	42.0	42.0	38.0
1396	35.0	35.0	34.0
1397	27.0	27.0	25.0
1398	32.0	32.0	27.0
1399	38.0	38.0	33.0
1400	8.0	8.0	8.0
1401	65.0	65.0	50.0
1402	34.0	34.0	32.0
1403	16.0	16.0	16.0
1404	10.0	10.0	10.0
1405	10.0	10.0	10.0
1406	3.0	3.0	3.0
1407	10.0	10.0	8.0
1408	95.0	95.0	80.0
1409	95.0	95.0	87.0
1410	98.0	98.0	85.0
1411	115.0	115.0	100.0
1412	40.0	40.0	40.0
1413	3.0	3.0	3.0
1414	15.0	15.0	15.0
1415	40.0	40.0	40.0
1416	240.0	240.0	240.0
1417	31.0	31.0	31.0
1418	38.0	38.0	38.0
1419	36.0	36.0	36.0
1420	44.0	43.0	44.0
1421	27.0	27.0	27.0
1422	52.0	52.0	39.0
1423	31.0	31.0	31.0
1424	55.0	55.0	50.0
1425	15.0	15.0	15.0
1426	20.0	20.0	20.0
1427	75.0	78.0	78.0
1428	70.0	69.0	78.0
1429	9.0	9.0	10.0
1430	41.0	30.0	27.0
1431	95.0	84.0	85.0
1432	31.0	31.0	31.0
1433	50.0	50.0	50.0
1434	28.0	28.0	25.0
1435	38.0	38.0	33.0
1436	60.0	60.0	60.0
1437	40.0	40.0	36.0
1438	100.0	100.0	72.0
1439	42.0	42.0	42.0
1440	190.0	190.0	190.0
1441	35.0	35.0	35.0
1442	29.0	27.0	15.0
1443	15.0	15.0	15.0
1444	28.0	28.0	28.0
1445	58.0	55.0	50.0
1446	55.0	55.0	55.0
1447	5.0	5.0	5.0
1448	45.0	45.0	42.0
1449	5.0	5.0	5.0
1450	25.0	25.0	25.0
1451	16.0	16.0	16.0
1452	25.0	25.0	25.0
1453	10.0	10.0	10.0
1454	197.0	197.0	197.0
1455	17.0	17.0	17.0
1456	27.0	27.0	28.0
1457	8.0	8.0	8.0
1458	15.0	15.0	15.0
1459	2.5	2.5	2.5
1460	85.0	85.0	84.0
1461	60.0	60.0	60.0
1462	50.0	58.0	58.0
1463	33.0	33.0	32.0
1464	6.5	6.5	6.5
1465	52.0	52.0	52.0
1466	45.0	45.0	45.0
1467	55.0	55.0	55.0
1468	25.0	25.0	24.0
1469	85.0	85.0	85.0
1470	95.0	95.0	95.0
1471	90.0	90.0	90.0
1472	75.0	75.0	90.0
1473	185.0	185.0	185.0
1474	60.0	60.0	60.0
1475	35.0	35.0	35.0
1476	39.0	39.0	39.0
1477	17.0	17.0	17.0
1478	16.0	16.0	16.0
1479	168.0	168.0	168.0
1480	20.0	20.0	20.0
1481	55.0	55.0	55.0
1482	18.0	12.0	12.0
1483	195.0	195.0	218.0
1484	30.0	25.0	27.0
1485	2.0	2.0	2.0
1486	170.0	170.0	170.0
1487	80.0	70.0	70.0
1488	3.0	3.0	3.0
1489	54.0	54.0	54.0
1490	35.0	35.0	80.0
1491	190.0	110.0	160.0
1492	10.0	10.0	10.0
1493	40.0	40.0	40.0
1494	6.0	5.0	5.0
1495	6.0	7.0	7.0
1496	150.0	150.0	150.0
1497	20.0	20.0	25.0
1498	165.0	165.0	165.0
1499	265.0	75.0	75.0
1500	15.0	15.0	15.0
1501	25.0	35.0	25.0
1502	100.0	85.0	85.0
1503	80.0	80.0	80.0
1504	3.5	3.5	5.0
1505	25.0	25.0	25.0
1506	9.0	9.0	8.5
1507	100.0	100.0	95.0
1508	12.0	12.0	12.0
1509	40.0	35.0	60.0
1510	75.0	70.0	70.0
1511	30.0	30.0	20.0
1512	35.0	25.0	25.0
1513	25.0	25.0	25.0
1514	17.0	17.0	17.0
1515	18.0	18.0	17.0
1516	5.0	5.0	5.0
1517	80.0	79.0	76.0
1518	136.0	136.0	195.0
1519	36.0	36.0	36.0
1520	27.0	27.0	27.0
1521	62.0	62.0	63.0
1522	15.0	15.0	15.0
1523	250.0	250.0	255.0
1524	35.0	35.0	35.0
1525	44.0	44.0	44.0
1526	49.0	49.0	49.0
1527	25.0	25.0	25.0
1528	19.0	19.0	19.0
1529	36.0	36.0	36.0
1530	6.0	6.0	6.0
1531	70.0	70.0	70.0
1532	33.0	33.0	33.0
1533	15.0	15.0	15.0
1534	10.0	10.0	10.0
1535	10.0	10.0	10.0
1536	6.0	2.0	2.0
1537	4.0	4.0	4.0
1538	30.0	27.0	25.0
1539	88.0	88.0	89.0
1540	93.0	93.0	93.0
1541	120.0	131.0	132.0
1542	38.0	39.0	39.0
1543	3.0	3.0	3.0
1544	17.0	17.0	17.0
1545	42.0	42.0	42.0
1546	25.0	25.0	25.0
1547	1180.0	1180.0	1180.0
1548	992.0	992.0	1049.0
1549	696.0	696.0	696.0
1550	32.0	32.0	32.0
1551	55.0	55.0	55.0
1552	35.0	35.0	35.0
1553	30.0	30.0	30.0
1554	42.0	42.0	42.0
1555	42.0	42.0	42.0
1556	25.0	25.0	25.0
1557	58.0	58.0	58.0
1558	118.0	118.0	118.0
1559	55.0	55.0	55.0
1560	10.0	10.0	15.0
1561	48.0	48.0	48.0
1562	68.0	68.0	68.0
1563	72.0	72.0	72.0
1564	15.0	15.0	15.0
1565	29.0	29.0	29.0
1566	108.0	108.0	108.0
1567	178.0	178.0	178.0
1568	20.0	20.0	20.0
1569	42.0	42.0	42.0
1570	39.0	39.0	35.0
1571	280.0	280.0	280.0
1572	28.0	28.0	28.0
1573	86.0	86.0	86.0
1574	98.0	98.0	98.0
1575	96.0	96.0	96.0
1576	37.0	37.0	37.0
1577	53.0	53.0	53.0
1578	195.0	195.0	195.0
1579	35.0	35.0	35.0
1580	18.0	18.0	18.0
1581	10.0	10.0	10.0
1582	35.0	35.0	35.0
1583	45.0	45.0	45.0
1584	45.0	45.0	45.0
1585			
1586			
1587			
1588			
1589			
1590			
1591			
1592			
1593			
1594			
1595			
1596			
1597			
1598			
1599			
1600			
1601			
1602			
1603			
1604			
1605			
1606			
1607			
1608			
1609			
1610			
1611			
1612			
1613			
1614			
1615			
1616			
1617			
1618			
1619			
1620			
1621			
1622			
1623			
1624			
1625			
1626			
1627			
1628			
1629			
1630			
1631			
1632			
1633			
1634			
1635			
1636			
1637			
1638			
1639			
1640			
1641			
1642			
1643			
1644			
1645			
1646			
1647			
1648			
1649			
1650			
1651			
1652			
1653			
1654			
1655			
1656			
1657			
1658			
1659			
1660			
1661			
1662			
1663			
1664			
1665			
1666			
1667			
1668			
1669			
1670			
1671			
1672			
1673			
1674			
1675			
1676			
1677			
1678			
1679			
1680			
1681			
1682			
1683			
1684			
1685			
1686			
1687			
1688			
1689			
1690			
1691			
1692			
1693			
1694			
1695			
1696			
1697			
1698			
1699			
1700			
1701			
1702			
1703			
1704			
1705			
1706			
1707	5.0	5.0	5.0
1708	35.0	35.0	35.0
1709	4.0	4.0	4.0
1710	35.0	35.0	25.0
1711	14.0	14.0	14.0
1712	23.0	23.0	23.0
1713	14.0	14.0	14.0
1714	43.0	43.0	43.0
1715	30.0	28.0	28.0
1716	38.0	38.0	30.0
1717	18.0	18.0	15.0
1718	20.0	20.0	20.0
1719	55.0	50.0	50.0
1720	2.5	2.5	2.5
1721	58.0	50.0	50.0
1722	75.0	72.0	72.0
1723	55.0	55.0	55.0
1724	32.0	32.0	32.0
1725	6.0	6.0	6.0
1726	48.0	48.0	48.0
1727	60.0	60.0	65.0
1728	25.0	25.0	25.0
1729	60.0	60.0	60.0
1730	160.0	140.0	195.0
1731	95.0	86.0	86.0
1732	60.0	60.0	60.0
1733	10.0	5.0	5.0
1734	60.0	60.0	60.0
1735	17.0	17.0	17.0
1736	18.0	18.0	18.0
1737	18.0	17.0	17.0
1738	14.0	15.0	15.0
1739	350.0	350.0	350.0
1740	180.0	180.0	180.0
1741	22.0	22.0	22.0
1742	55.0	55.0	55.0
1743	15.0	14.0	14.0
1744	190.0	190.0	190.0
1745	35.0	35.0	35.0
1746	35.0	35.0	35.0
1747	10.0	10.0	10.0
1748	2.5	2.0	2.5
1749	185.0	185.0	185.0
1750	68.0	68.0	68.0
1751	85.0	85.0	85.0
1752	80.0	80.0	80.0
1753	35.0	35.0	35.0
1754	45.0	45.0	45.0
1755	160.0	100.0	90.0
1756	50.0	45.0	45.0
1757	140.0	100.0	100.0
1758	15.0	20.0	15.0
1759	60.0	65.0	65.0
1760	4.5	5.0	5.0
1761	6.0	8.0	7.0
1762	7.0	7.0	5.0
1763	120.0	250.0	150.0
1764	22.0	22.0	25.0
1765	15.0	15.0	15.0
1766	220.0	200.0	200.0
1767	120.0	120.0	120.0
1768	450.0	250.0	700.0
1769	70.0	70.0	75.0
1770	80.0	80.0	80.0
1771	55.0	75.0	85.0
1772	50.0	50.0	25.0
1773	100.0	100.0	75.0
1774	110.0	100.0	105.0
1775	115.0	115.0	100.0
1776	40.0	40.0	75.0
1777	95.0	95.0	65.0
1778	30.0	25.0	20.0
1779	25.0	25.0	20.0
1780	70.0	55.0	65.0
1781	10.0	10.0	10.0
1782	12.0	12.0	10.0
1783	20.0	20.0	20.0
1784	18.0	18.0	18.0
1785	5.0	5.0	5.0
1786	70.0	70.0	68.0
1787	25.0	25.0	25.0
1788	55.0	50.0	50.0
1789	22.0	22.0	22.0
1790	75.0	75.0	75.0
1791	65.0	65.0	65.0
1792	85.0	85.0	85.0
1793	15.0	15.0	15.0
1794	168.0	168.0	168.0
1795	40.0	40.0	40.0
1796	35.0	35.0	35.0
1797	25.0	25.0	25.0
1798	12.0	12.0	12.0
1799	28.0	28.0	28.0
1800	38.0	33.0	33.0
1801	8.0	8.0	8.0
1802	100.0	100.0	166.0
1803	40.0	40.0	40.0
1804	10.0	10.0	10.0
1805	10.0	10.0	10.0
1806	5.0	5.0	5.0
1807	2.5	2.5	2.5
1808	9.0	9.0	9.0
1809	7.0	7.0	7.0
1810	75.0	85.0	75.0
1811	90.0	90.0	90.0
1812	50.0	50.0	50.0
1813	125.0	125.0	125.0
1814	40.0	40.0	40.0
1815	6.0	6.0	6.0
1816	20.0	15.0	15.0
1817	40.0	40.0	40.0
1818	2.0	2.0	1.0
1819	25.0	25.0	25.0
1820	40.0	40.0	40.0
1821	38.0	38.0	38.0
1822	18.0	18.0	25.0
1823	35.0	35.0	35.0
1824	55.0	55.0	55.0
1825	65.0	65.0	65.0
1826	20.0	20.0	20.0
1827	285.0	285.0	285.0
1828	40.0	40.0	40.0
1829	45.0	45.0	45.0
1830	70.0	70.0	70.0
1831	10.0	10.0	10.0
1832	28.0	28.0	28.0
1833	85.0	85.0	85.0
1834	80.0	80.0	80.0
1835	30.0	30.0	30.0
1836	63.0	63.0	62.0
1837	32.0	32.0	32.0
1838	385.0	385.0	385.0
1839	45.0	45.0	45.0
1840	40.0	40.0	40.0
1841	50.0	50.0	50.0
1842	78.0	78.0	78.0
1843	98.0	98.0	98.0
1844	35.0	35.0	35.0
1845	30.0	30.0	30.0
1846	30.0	30.0	30.0
1847	135.0	135.0	135.0
1848	30.0	30.0	30.0
1849	15.0	15.0	15.0
1850	25.0	35.0	35.0
1851	55.0	55.0	55.0
1852	55.0	55.0	55.0
1853	5.0	5.0	5.0
1854	41.0	41.0	39.0
1855	3.9	3.9	3.9
1856	31.0	31.0	31.0
1857	24.0	24.0	24.0
1858	24.0	24.0	24.0
1859	14.0	14.0	14.0
1860	46.0	46.0	46.0
1861	12.0	12.0	12.0
1862	43.0	56.0	56.0
1863	16.0	15.0	15.0
1864	27.0	26.0	26.0
1865	16.0	15.0	15.0
1866	2.5	3.0	3.0
1867	50.0	50.0	53.0
1868	41.0	81.0	81.0
1869	56.0	56.0	56.0
1870	32.0	32.0	32.0
1871	33.0	33.0	33.0
1872	6.0	6.0	6.0
1873	46.0	46.0	46.0
1874	75.0	75.0	75.0
1875	28.0	28.0	28.0
1876	150.0	115.0	115.0
1877	260.0	260.0	
1878	30.0	30.0	30.0
1879	132.0	156.0	156.0
1880	20.0	20.0	20.0
1881	120.0	133.0	133.0
1882	17.5	17.5	17.5
1883	18.0	18.0	18.0
1884	302.0	380.0	302.0
1885	37.0	30.0	30.0
1886	45.0	44.0	44.0
1887	43.0	43.0	43.0
1888	15.0	15.0	15.0
1889	181.0	181.0	185.0
1890	29.0	26.0	26.0
1891	29.0	26.0	26.0
1892	10.0	10.0	10.0
1893	2.5	2.0	2.0
1894	85.0	85.0	85.0
1895	81.0	75.0	75.0
1896	67.0	67.0	67.0
1897	34.0	31.0	30.0
1898	40.0	35.0	35.0
1899	120.0	270.0	150.0
1900	50.0	50.0	45.0
1901	95.0	105.0	120.0
1902	14.0	10.0	10.0
1903	30.0	30.0	30.0
1904	5.0	5.0	5.0
1905	6.5	6.5	6.5
1906	110.0	150.0	150.0
1907	23.0	25.0	25.0
1908	135.0	120.0	75.0
1909	8.0	8.0	8.0
1910	230.0	350.0	250.0
1911	65.0	55.0	55.0
1912	70.0	70.0	70.0
1913	33.0	30.0	35.0
1914	20.0	20.0	45.0
1915	70.0	75.0	75.0
1916	85.0	85.0	85.0
1917	95.0	100.0	105.0
1918	37.0	36.0	30.0
1919	50.0	50.0	55.0
1920	30.0	25.0	25.0
1921	22.0	30.0	20.0
1922	55.0	55.0	55.0
1923	32.0	32.0	30.0
1924	37.0	37.0	37.0
1925	20.0	20.0	20.0
1926	18.0	17.0	17.0
1927	4.9	4.9	4.9
1928	69.0	59.0	59.0
1929	122.0	122.0	122.0
1930	19.0	20.0	20.0
1931	76.0	73.0	73.0
1932	43.0	43.0	43.0
1933	70.0	72.0	72.0
1934	119.0	119.0	108.0
1935	16.0	15.0	15.0
1936	300.0	300.0	300.0
1937	27.0	27.0	27.0
1938	44.0	38.0	38.0
1939	35.0	35.0	35.0
1940	20.0	20.0	23.0
1941	19.0	19.0	19.0
1942	20.0	30.0	25.0
1943	38.0	38.0	38.0
1944	8.5	8.5	8.5
1945	60.0	50.0	50.0
1946	10.0	10.0	10.0
1947	20.0	20.0	20.0
1948	1.0	1.0	1.0
1949	1.0	1.0	1.0
1950	10.0	10.0	10.0
1951	8.0	8.0	8.0
1952	80.0	91.0	91.0
1953	98.0	98.0	98.0
1954	110.0	110.0	110.0
1955	40.0	40.0	40.0
1956	6.0	6.0	6.0
1957	32.0	32.0	32.0
1958	28.0	28.0	28.0
1959	170.0	270.0	270.0
1960	27.0	27.0	27.0
1961	2.0	2.0	2.0
1962	25.0	25.0	25.0
1963	110.0	110.0	110.0
1964	15.0	15.0	15.0
1965	56.0	56.0	56.0
1966	20.0	20.0	20.0
1967	325.0	325.0	325.0
1968	204.0	204.0	204.0
1969	100.0	100.0	100.0
1970	20.6	20.5	20.5
1971	6.5	6.5	6.5
1972	23.0	23.0	23.0
1973	39.0	39.0	39.0
1974	43.0	43.0	43.0
1975	19.0	19.0	19.0
1976	60.0	60.0	60.0
1977	105.0	105.0	105.0
1978	49.0	49.0	49.0
1979	70.0	70.0	70.0
1980	200.0	200.0	200.0
1981	51.0	51.0	51.0
1982	158.0	158.0	158.0
1983	102.0	102.0	102.0
1984	9.0	9.0	9.0
1985	34.0	34.0	34.0
1986	76.0	76.0	76.0
1987	83.0	83.0	83.0
1988	23.0	23.0	23.0
1989	51.0	51.0	51.0
1990	36.0	36.0	36.0
1991	36.0	36.0	36.0
1992	26.0	26.0	28.0
1993	36.0	36.0	36.0
1994	92.0	93.0	93.0
1995	42.0	42.0	40.0
1996	194.0	194.0	191.0
1997	34.0	34.0	34.0
1998	14.0	14.0	14.0
1999	19.0	19.0	19.0
2000	42.0	42.0	42.0
2001	60.0	60.0	60.0
2002	47.0	47.0	47.0
2003	4.8	4.8	4.8
2004	53.0	50.0	50.0
2005	3.8	3.8	3.8
2006	38.0	38.0	38.0
2007	23.0	23.0	23.0
2008	22.0	22.0	22.0
2009	10.0	10.0	10.0
2010	43.0	43.0	43.0
2011	18.0	18.0	18.0
2012	38.0	38.0	38.0
2013	30.0	30.0	28.0
2014	35.0	35.0	35.0
2015	8.0	8.0	8.0
2016	15.0	15.0	15.0
2017	2.5	2.5	2.5
2018	90.0	90.0	90.0
2019	75.0	60.0	60.0
2020	62.0	60.0	60.0
2021	35.0	35.0	35.0
2022	6.0	6.0	6.0
2023	6.0	6.0	6.0
2024	45.0	65.0	45.0
2025	125.0	125.0	125.0
2026	63.0	63.0	60.0
2027	32.0	32.0	32.0
2028	140.0	75.0	75.0
2029	32.0	32.0	32.0
2030	105.0	90.0	100.0
2031	95.0	95.0	98.0
2032	30.0	30.0	30.0
2033	17.5	17.5	17.5
2034	18.0	17.0	16.0
2035	16.0	16.0	15.0
2036	225.0	225.0	225.0
2037	195.0	195.0	180.0
2038	12.0	12.0	12.0
2039	60.0	60.0	60.0
2040	45.0	45.0	48.0
2041	14.0	13.0	14.0
2042	85.0	85.0	85.0
2043	45.0	45.0	45.0
2044	30.0	30.0	27.0
2045	30.0	30.0	27.0
2046	10.0	10.0	10.0
2047	2.5	2.5	2.0
2048	270.0	270.0	120.0
2049	75.0	75.0	75.0
2050	78.0	78.0	78.0
2051	96.0	96.0	88.0
2052	90.0	90.0	120.0
2053	185.0	120.0	90.0
2054	65.0	35.0	45.0
2055	6.0	5.0	5.0
2056	6.0	7.0	7.0
2057	7.0	7.0	7.0
2058	185.0	170.0	170.0
2059	17.0	17.0	17.0
2060	120.0	120.0	120.0
2061	90.0	90.0	75.0
2062	320.0	300.0	190.0
2063	60.0	60.0	50.0
2064	75.0	75.0	75.0
2065	38.0	38.0	38.0
2066	90.0	90.0	90.0
2067	120.0	120.0	120.0
2068	40.0	30.0	30.0
2069	48.0	48.0	48.0
2070	25.0	30.0	19.0
2071	25.0	25.0	19.0
2072	65.0	65.0	65.0
2073	35.0	35.0	35.0
2074	55.0	55.0	55.0
2075	20.0	20.0	25.0
2076	18.0	18.0	20.0
2077	4.8	4.8	4.8
2078	80.0	80.0	80.0
2079	55.0	55.0	55.0
2080	50.0	50.0	50.0
2081	25.0	25.0	25.0
2082	25.0	35.0	35.0
2083	78.0	76.0	75.0
2084	75.0	75.0	75.0
2085	125.0	145.0	115.0
2086	15.0	15.0	15.0
2087	225.0	225.0	225.0
2088	36.0	42.0	35.0
2089	42.0	42.0	40.0
2090	45.0	45.0	45.0
2091	40.0	40.0	40.0
2092	15.0	15.0	15.0
2093	32.0	32.0	35.0
2094	42.0	42.0	42.0
2095	3.0	3.0	3.0
2096	48.0	48.0	48.0
2097	33.0	33.0	35.0
2098	11.0	11.0	11.0
2099	5.0	5.0	5.0
2100	1.0	1.0	1.0
2101	3.0	3.0	
2102	8.0	8.0	8.0
2103	80.0	80.0	80.0
2104	90.0	95.0	95.0
2105	68.0	68.0	68.0
2106	115.0	115.0	115.0
2107	42.0	42.0	42.0
2108	30.0	45.0	45.0
2109	3.0	3.0	3.0
2110	15.0	15.0	15.0
2111	30.0	25.0	25.0
2112	30.0	33.0	33.0
2113	38.0	38.0	40.0
2114	44.0	44.0	44.0
2115	30.0	30.0	38.0
2116	60.0	60.0	60.0
2117	45.0	30.0	30.0
2118	51.0	51.0	51.0
2119	16.0	16.0	16.0
2120	90.0	90.0	90.0
2121	70.0	70.0	70.0
2122	65.0	65.0	65.0
2123	45.0	45.0	45.0
2125	10.0	10.0	10.0
2126	27.0	27.0	27.0
2127	95.0	95.0	95.0
2128	27.0	27.0	27.0
2129	40.0	40.0	40.0
2130	60.0	60.0	55.0
2131	65.0	65.0	65.0
2132	90.0	90.0	90.0
2133	75.0	75.0	78.0
2134	160.0	160.0	160.0
2135	52.0	52.0	52.0
2136	20.0	20.0	20.0
2137	38.0	38.0	38.0
2138	225.0	225.0	225.0
2139	90.0	90.0	90.0
2140	35.0	35.0	35.0
2141	35.0	35.0	35.0
2142	30.0	30.0	28.0
2143	35.0	35.0	32.0
2144	10.0	10.0	10.0
2145	35.0	38.0	38.0
2146	48.0	48.0	48.0
2147	5.0	5.0	5.0
2148	40.0	40.0	40.0
2149	4.0	4.0	4.0
2150	35.0	30.0	35.0
2151	15.0	15.0	15.0
2152	27.0	27.0	27.0
2153	18.0	18.0	18.0
2154	10.0	10.0	10.0
2155	45.0	45.0	45.0
2156	17.0	17.0	16.0
2157	28.0	28.0	28.0
2158	15.0	15.0	15.0
2159	2.5	2.5	2.5
2160	55.0	50.0	55.0
2161	65.0	65.0	60.0
2162	38.0	60.0	60.0
2163	33.0	33.0	33.0
2164	6.0	6.0	6.0
2165	8.0	8.0	8.0
2166	50.0	45.0	50.0
2167	100.0	90.0	90.0
2168	60.0	60.0	60.0
2169	25.0	23.0	23.0
2170	10.0	10.0	10.0
2171	130.0	130.0	130.0
2172	185.0	195.0	195.0
2173	10.0	10.0	10.0
2174	5.0	5.0	5.0
2175	18.0	18.0	18.0
2176	17.0	19.0	17.0
2177	17.0	17.0	16.0
2178	15.0	15.0	15.0
2179	355.0	355.0	345.0
2180	30.0	30.0	30.0
2181	75.0	65.0	45.0
2182	13.0	13.0	13.0
2183	13.0	13.0	13.0
2184	195.0	180.0	175.0
2185	30.0	27.0	27.0
2186	30.0	27.0	27.0
2187	9.0	9.0	9.0
2188	2.5	2.5	2.0
2189	45.0	45.0	45.0
2190	85.0	85.0	85.0
2191	40.0	40.0	40.0
2192	70.0	70.0	65.0
2193	110.0	100.0	100.0
2194	16.0	16.0	12.0
2195	65.0	40.0	45.0
2196	6.0	6.0	6.0
2197	7.0	7.0	7.0
2198	100.0	100.0	120.0
2199	350.0	300.0	380.0
2200	50.0	75.0	65.0
2201	80.0	80.0	75.0
2202	45.0	40.0	45.0
2203	45.0	30.0	30.0
2204	100.0	95.0	85.0
2205	130.0	90.0	100.0
2206	55.0	40.0	35.0
2207	65.0	55.0	75.0
2208	25.0	30.0	25.0
2209	30.0	30.0	25.0
2210	35.0	35.0	35.0
2211	50.0	45.0	40.0
2212	20.0	20.0	20.0
2213	5.0	5.0	5.0
2214	5.0	5.0	5.0
2215	70.0	70.0	70.0
2216	85.0	85.0	85.0
2217	50.0	50.0	50.0
2218	70.0	65.0	65.0
2219	75.0	75.0	75.0
2220	110.0	110.0	100.0
2221	15.0	15.0	15.0
2222	260.0	260.0	240.0
2223	130.0	135.0	135.0
2224	80.0	80.0	80.0
2225	40.0	35.0	35.0
2226	35.0	35.0	35.0
2227	27.0	27.0	27.0
2228	30.0	30.0	30.0
2229	41.0	40.0	40.0
2230	9.0	9.0	9.0
2231	65.0	55.0	50.0
2232	35.0	35.0	35.0
2233	10.0	10.0	10.0
2234	2.0	2.0	2.0
2235	18.0	18.0	18.0
2236	8.0	8.0	8.0
2237	80.0	80.0	80.0
2238	95.0	90.0	95.0
2239	50.0	50.0	50.0
2240	120.0	120.0	105.0
2241	40.0	40.0	40.0
2242	3.0	3.0	3.0
2243	15.0	15.0	15.0
2244	40.0	40.0	40.0
2245	180.0	165.0	165.0
2246	30.0	30.0	30.0
2247	125.0	125.0	125.0
2248	30.0	30.0	35.0
2249	45.0	45.0	45.0
2250	45.0	45.0	45.0
2251	20.0	20.0	20.0
2252	45.0	45.0	40.0
2253	60.0	60.0	60.0
2254	70.0	70.0	75.0
2255	20.0	20.0	20.0
2256	35.0	35.0	35.0
2257	55.0	55.0	55.0
2258	50.0	50.0	50.0
2259	35.0	35.0	35.0
2260	10.0	10.0	10.0
2261	30.0	30.0	25.0
2262	50.0	50.0	60.0
2263	65.0	65.0	65.0
2264	35.0	35.0	30.0
2265	30.0	30.0	45.0
2266	40.0	40.0	40.0
2267	25.0	25.0	30.0
2268	60.0	60.0	
2269	65.0	65.0	55.0
2270	25.0	25.0	25.0
2271	35.0	35.0	35.0
2272	38.0	38.0	38.0
2273	70.0	70.0	70.0
2274	100.0	100.0	100.0
2275	100.0	100.0	100.0
2276	40.0	40.0	40.0
2277	175.0	175.0	200.0
2278	38.0	38.0	38.0
2279	15.0	15.0	15.0
2280	40.0	40.0	40.0
2281	50.0	50.0	50.0
2282	48.0	48.0	50.0
2283	4.8	4.8	4.8
2284	37.0	37.0	37.0
2285	3.8	3.8	3.8
2286	35.0	35.0	35.0
2287	24.0	25.0	25.0
2288	26.0	35.0	35.0
2289	45.0	46.0	46.0
2290	15.0	15.0	15.0
2291	29.0	29.0	29.0
2292	34.0	34.0	34.0
2293	15.0	15.0	15.0
2294	15.0	15.0	15.0
2295	2.5	2.5	2.5
2296	2.5	2.5	2.5
2297	55.0	55.0	55.0
2298	84.0	78.0	78.0
2299	58.0	58.0	58.0
2300	33.0	33.0	33.0
2301	7.0	7.0	7.0
2302	50.0	49.0	49.0
2303	78.0	78.0	78.0
2304	60.0	60.0	60.0
2305	70.0	70.0	76.0
2306	35.0	35.0	35.0
2307	110.0	150.0	150.0
2308	90.0	55.0	55.0
2309	20.0	20.0	20.0
2310	6.0	10.0	10.0
2311	17.0	17.0	17.0
2312	18.5	17.0	17.0
2313	280.0	280.0	280.0
2314	361.0	355.0	355.0
2315	20.0	21.0	21.0
2316	40.0	40.0	40.0
2317	15.0	14.0	14.0
2318	14.0	13.0	13.0
2319	192.0	195.0	195.0
2320	38.0	35.0	35.0
2321	10.0	10.0	10.0
2322	2.5	2.5	2.5
2323	235.0	210.0	210.0
2324	65.0	65.0	65.0
2325	72.0	70.0	70.0
2326	65.0	50.0	50.0
2327	130.0	130.0	130.0
2328	55.0	65.0	65.0
2329	25.0	25.0	25.0
2330	110.0	120.0	120.0
2331	65.0	45.0	60.0
2332	5.0	5.0	4.0
2333	6.5	7.0	7.0
2334	130.0	215.0	215.0
2335	23.0	23.0	23.0
2336	100.0	100.0	100.0
2337	20.0	10.0	10.0
2338	400.0	600.0	600.0
2339	60.0	55.0	55.0
2340	60.0	70.0	70.0
2341	45.0	60.0	60.0
2342	40.0	25.0	25.0
2343	80.0	95.0	95.0
2344	120.0	110.0	110.0
2345	55.0	25.0	25.0
2346	60.0	65.0	65.0
2347	25.0	20.0	20.0
2348	60.0	23.0	23.0
2349	60.0	70.0	65.0
2350	50.0	40.0	40.0
2351	60.0	50.0	50.0
2352	21.0	21.0	21.0
2353	4.0	4.5	4.5
2354	5.0	4.8	4.8
2355	68.0	68.0	68.0
2356	125.0	125.0	125.0
2357	36.0	36.0	36.0
2358	15.0	15.0	15.0
2359	108.0	108.0	108.0
2360	15.0	14.0	14.0
2361	135.0	120.0	120.0
2362	32.0	32.0	32.0
2363	40.0	35.0	35.0
2364	48.0	40.0	40.0
2365	38.0	38.0	38.0
2366	25.0	24.0	24.0
2367	30.0	20.0	26.0
2368	39.0	30.0	30.0
2369	10.0	10.0	10.0
2370	100.0	90.0	90.0
2371	35.0	30.0	30.0
2372	15.0	15.0	15.0
2373	5.0	5.0	5.0
2374	1.0	1.0	1.0
2375	27.0	27.0	27.0
2376	80.0	80.0	80.0
2377	90.0	85.0	85.0
2378	55.0	55.0	55.0
2379	115.0	105.0	105.0
2380	40.0	40.0	40.0
2381	6.0	6.0	6.0
2382	15.0	15.0	15.0
2383	200.0	180.0	180.0
2384	180.0	180.0	180.0
2385	2.0	2.0	2.0
2386	40.0	40.0	40.0
2387	30.0	38.0	38.0
2388	38.0	32.0	32.0
2389	19.0	18.0	18.0
2390	38.0	30.0	30.0
2391	65.0	65.0	65.0
2392	18.0	18.0	
2393	45.0	45.0	45.0
2394	79.0	60.0	60.0
2395	8.0	8.0	8.0
2396	32.0	30.0	30.0
2397	100.0	100.0	100.0
2398	100.0	100.0	100.0
2399	30.0	30.0	30.0
2400	25.0	25.0	25.0
2401	30.0	30.0	30.0
2402	38.0	38.0	38.0
2403	65.0	65.0	65.0
2404	38.0	38.0	38.0
2405	135.0	135.0	135.0
2406	28.0	28.0	28.0
2407	45.0	45.0	45.0
2408	115.0	115.0	
2409	32.0	32.0	32.0
2410	17.0	17.0	17.0
2411	35.0	35.0	35.0
2412	45.0	45.0	45.0
2413	50.0	50.0	50.0
2414	5.0	5.0	5.0
2415	45.0	43.0	43.0
2416	3.5	3.5	3.5
2417	25.0	25.0	35.0
2418	25.0	25.0	25.0
2419	27.0	27.0	27.0
2420	45.0	45.0	45.0
2421	12.0	12.0	12.0
2422	45.0	40.0	40.0
2423	16.0	15.0	15.0
2424	28.0	28.0	28.0
2425	15.0	14.6	14.6
2426	18.0	18.0	18.0
2427	15.0	15.0	15.0
2428	2.5	2.5	2.5
2429	50.0	50.0	50.0
2430	60.0	50.0	50.0
2431	138.0	138.0	138.0
2432	30.0	30.0	30.0
2433	6.0	6.0	6.0
2434	50.0	48.0	48.0
2435	95.0	70.0	70.0
2436	54.0	54.0	55.0
2437	22.0	22.0	22.0
2438	87.0	87.0	87.0
2439	10.0	11.0	11.0
2440	130.0	140.0	150.0
2441	70.0	75.0	75.0
2442	40.0	40.0	40.0
2443	11.0	11.0	11.0
2444	70.0	65.0	65.0
2445	17.0	17.0	17.0
2446	18.0	18.0	18.0
2447	16.0	15.0	15.0
2448	335.0	325.0	325.0
2449	265.0	265.0	265.0
2450	20.0	20.0	20.0
2451	30.0	30.0	30.0
2452	39.0	39.0	39.0
2453	15.0	15.0	15.0
2454	15.0	15.0	15.0
2455	80.0	79.0	79.0
2456	40.0	40.0	35.0
2457	10.0	10.0	10.0
2458	2.5	2.5	2.5
2459	125.0	125.0	125.0
2460	84.0	65.0	65.0
2461	65.0	65.0	65.0
2462	30.0	30.0	30.0
2463	55.0	55.0	55.0
2464	130.0	120.0	120.0
2465	50.0	65.0	65.0
2466	100.0	110.0	100.0
2467	15.0	15.0	15.0
2468	35.0	40.0	40.0
2469	5.0	5.0	4.5
2470	7.0	7.0	4.0
2471	180.0	180.0	200.0
2472	20.0	22.0	22.0
2473	120.0	170.0	80.0
2474	15.0	12.0	15.0
2475	150.0	300.0	200.0
2476	70.0	60.0	65.0
2477	70.0	75.0	70.0
2478	70.0	70.0	70.0
2479	30.0	30.0	30.0
2480	81.0	80.0	81.0
2481	87.0	87.0	87.0
2482	120.0	120.0	125.0
2483	42.0	32.0	32.0
2484	65.0	65.0	65.0
2485	30.0	25.0	20.0
2486	26.0	20.0	19.0
2487	70.0	70.0	70.0
2488	45.0	45.0	45.0
2489	50.0	50.0	50.0
2490	20.0	20.0	20.0
2491	4.0	4.0	4.0
2492	5.0	5.0	5.0
2493	65.0	65.0	65.0
2494	85.0	85.0	85.0
2495	48.0	48.0	47.0
2496	12.0	12.0	12.0
2497	62.0	62.0	62.0
2498	90.0	85.0	85.0
2499	15.0	15.0	15.0
2500	120.0	120.0	120.0
2501	155.0	155.0	155.0
2502	75.0	70.0	70.0
2503	40.0	38.0	38.0
2504	35.0	35.0	35.0
2505	30.0	30.0	30.0
2506	30.0	30.0	30.0
2507	37.0	37.0	37.0
2508	7.0	7.0	9.0
2509	70.0	70.0	65.0
2510	38.0	35.0	32.0
2511	10.0	10.0	10.0
2512	10.0	10.0	10.0
2513	30.0	30.0	30.0
2514	2.0	2.0	2.0
2515	3.0	3.0	3.0
2516	7.0	7.0	7.0
2517	80.0	80.0	80.0
2518	90.0	85.0	85.0
2519	120.0	125.0	100.0
2520	37.0	37.0	37.0
2521	6.0	6.0	6.0
2522	16.0	16.0	16.0
2523	40.0	40.0	40.0
2524	175.0	175.0	160.0
2525	35.0	35.0	30.0
2526	1.0	1.0	1.0
2527	25.0	25.0	25.0
2528	25.0	25.0	25.0
2529	40.0	40.0	40.0
2530	19.0	19.0	19.0
2531	50.0	50.0	50.0
2532	33.0	33.0	33.0
2533	65.0	60.0	60.0
2534	55.0	50.0	50.0
2535	70.0	70.0	70.0
2536	8.0	8.0	8.0
2537	30.0	30.0	30.0
2538	45.0	45.0	45.0
2539	28.0	28.0	28.0
2540	40.0	40.0	40.0
2541	25.0	25.0	25.0
2542	22.0	22.0	22.0
2543	40.0	40.0	40.0
2544	65.0	60.0	60.0
2545	38.0	38.0	38.0
2546	43.0	43.0	37.0
2547	40.0	40.0	40.0
2548	90.0	90.0	90.0
2549	35.0	33.0	33.0
2550	35.0	35.0	35.0
2551	15.0	15.0	15.0
2552	30.0	30.0	30.0
2553	55.0	55.0	55.0
2554	5.0	5.0	5.0
2555	40.0	40.0	40.0
2556	4.0	4.0	4.0
2557	25.0	27.0	27.0
2558	25.0	25.0	25.0
2559	18.0	18.0	18.0
2560	10.0	10.0	10.0
2561	8.0	8.0	8.0
2562	30.0	30.0	30.0
2563	15.0	15.0	15.0
2564	3.0	3.0	2.0
2565	55.0	55.0	55.0
2566	120.0	120.0	120.0
2567	50.0	55.0	55.0
2568	32.0	32.0	32.0
2569	6.0	6.0	6.0
2570	95.0	95.0	95.0
2571	80.0	70.0	70.0
2572	80.0	80.0	75.0
2573	25.0	25.0	25.0
2574	140.0	150.0	130.0
2575	5.0	5.0	5.0
2576	5.0	5.0	5.0
2577	19.0	19.0	19.0
2578	15.0	15.0	15.0
2579	136.0	150.0	150.0
2580	20.0	20.0	20.0
2581	45.0	50.0	50.0
2582	15.0	15.0	15.0
2583	200.0	200.0	190.0
2584	32.0	32.0	32.0
2585	10.0	10.0	10.0
2586	2.5	2.5	2.0
2587	270.0	270.0	270.0
2588	75.0	75.0	75.0
2589	70.0	75.0	70.0
2590	10.0	12.0	12.0
2591	65.0	65.0	50.0
2592	3.0	5.0	6.0
2593	6.0	7.0	7.0
2594	50.0	90.0	55.0
2595	45.0	45.0	40.0
2596	20.0	20.0	30.0
2597	90.0	85.0	85.0
2598	130.0	110.0	110.0
2599	40.0	40.0	40.0
2600	50.0	55.0	65.0
2601	25.0	35.0	25.0
2602	22.0	35.0	20.0
2603	20.0	20.0	20.0
2604	18.0	20.0	20.0
2605	5.0	5.0	5.0
2606	68.0	68.0	68.0
2607	70.0	70.0	70.0
2608	45.0	45.0	45.0
2609	60.0	60.0	60.0
2610	120.0	120.0	125.0
2611	75.0	75.0	75.0
2612	38.0	38.0	38.0
2613	38.0	35.0	35.0
2614	25.0	26.0	26.0
2615	30.0	30.0	28.0
2616	70.0	70.0	120.0
2617	34.0	34.0	34.0
2618	10.0	10.0	10.0
2619	5.0	5.0	5.0
2620	2.0	2.0	2.0
2621	3.0	3.0	3.0
2622	9.0	9.0	9.0
2623	50.0	50.0	50.0
2624	80.0	80.0	80.0
2625	55.0	55.0	48.0
2626	110.0	110.0	110.0
2627	38.0	38.0	40.0
2628	3.0	3.0	3.0
2629	15.0	15.0	15.0
2630	40.0	40.0	40.0
2631	238.0	107.0	107.0
2632	1.0	1.0	1.0
2633	28.0	28.0	28.0
2634	30.0	30.0	30.0
2635	45.0	45.0	45.0
2636	15.0	15.0	15.0
2637	55.0	55.0	55.0
2638	165.0	165.0	165.0
2639	45.0	45.0	45.0
2640	17.0	15.0	15.0
2641	75.0	75.0	75.0
2642	32.0	32.0	30.0
2643	15.0	12.0	12.0
2644	33.0	33.0	33.0
2645	25.0	25.0	25.0
2646	40.0	40.0	40.0
2647	35.0	35.0	35.0
2648	65.0	65.0	65.0
2649	50.0	50.0	50.0
2650	48.0	48.0	48.0
2651	320.0	320.0	320.0
2652	35.0	35.0	35.0
2653	25.0	25.0	25.0
2654	35.0	35.0	35.0
2655	65.0	65.0	65.0
2656	55.0	55.0	55.0
2657	5.0	5.0	5.0
2658	42.0	42.0	42.0
2659	4.5	4.0	4.0
2660	32.0	32.0	32.0
2661	24.0	24.0	24.0
2662	12.0	12.0	12.0
2663	45.0	42.0	42.0
2664	15.0	15.0	15.0
2665	28.0	28.0	28.0
2666	18.0	16.0	16.0
2667	10.0	15.0	12.0
2668	2.0	2.0	2.0
2669	55.0	55.0	55.0
2670	45.0	68.0	68.0
2671	55.0	55.0	55.0
2672	32.0	32.0	32.0
2673	6.0	6.0	6.0
2674	6.0	6.0	6.0
2675	48.0	48.0	48.0
2676	90.0	95.0	95.0
2677	49.0	55.0	49.0
2678	18.0	23.0	23.0
2679	10.0	10.0	10.0
2680	100.0	150.0	150.0
2681	180.0	180.0	180.0
2682	10.0	10.0	10.0
2683	65.0	63.0	63.0
2684	17.5	17.5	17.5
2685	16.0	16.0	16.0
2686	185.0	180.0	180.0
2687	32.0	30.0	30.0
2688	48.0	48.0	48.0
2689	16.0	15.0	15.0
2690	80.0	80.0	80.0
2691	25.0	25.0	25.0
2692	38.0	38.0	38.0
2693	25.0	25.0	25.0
2694	10.0	10.0	10.0
2695	2.0	2.5	2.0
2696	245.0	245.0	245.0
2697	60.0	70.0	70.0
2698	67.0	67.0	67.0
2699	30.0	35.0	35.0
2700	150.0	150.0	130.0
2701	130.0	130.0	130.0
2702	45.0	45.0	45.0
2703	5.0	5.0	5.0
2704	7.0	7.0	7.0
2705	7.0	7.0	7.0
2706	150.0	150.0	150.0
2707	20.0	25.0	20.0
2708	18.0	20.0	20.0
2709	100.0	120.0	120.0
2710	100.0	120.0	120.0
2711	250.0	350.0	480.0
2712	80.0	75.0	80.0
2713	80.0	80.0	75.0
2714	35.0	45.0	45.0
2715	100.0	100.0	100.0
2716	100.0	100.0	100.0
2717	95.0	95.0	95.0
2718	45.0	40.0	55.0
2719	55.0	65.0	60.0
2720	28.0	30.0	20.0
2721	28.0	25.0	20.0
2722	55.0	60.0	60.0
2723	10.0	10.0	10.0
2724	12.0	12.0	12.0
2725	18.0	18.0	18.0
2726	16.0	16.0	16.0
2727	5.0	5.0	5.0
2728	68.0	68.0	68.0
2729	50.0	50.0	48.0
2730	40.0	40.0	40.0
2731	25.0	25.0	25.0
2732	20.0	20.0	20.0
2733	65.0	65.0	65.0
2734	48.0	48.0	48.0
2735	14.0	14.0	14.0
2736	115.0	115.0	115.0
2737	30.0	30.0	30.0
2738	75.0	75.0	75.0
2739	45.0	45.0	45.0
2740	30.0	30.0	30.0
2741	30.0	30.0	30.0
2742	15.0	15.0	15.0
2743	36.0	36.0	36.0
2744	5.0	5.0	5.0
2745	85.0	85.0	65.0
2746	32.0	30.0	30.0
2747	10.0	10.0	10.0
2748	10.0	10.0	10.0
2749	5.0	5.0	5.0
2750	1.0	1.0	1.0
2751	3.0	15.0	15.0
2752	10.0	10.0	10.0
2753	75.0	70.0	70.0
2754	55.0	55.0	55.0
2755	80.0	85.0	85.0
2756	55.0	50.0	50.0
2757	110.0	110.0	95.0
2758	40.0	40.0	40.0
2759	20.0	20.0	20.0
2760	3.0	3.0	3.0
2761	15.0	15.0	15.0
2762	40.0	40.0	40.0
2763	35.0	35.0	35.0
2764	38.0	38.0	38.0
2765	40.0	40.0	40.0
2766	20.0	20.0	20.0
2767	58.0	55.0	55.0
2768	68.0	68.0	68.0
2769	18.0	18.0	18.0
2770	35.0	35.0	35.0
2771	98.0	98.0	98.0
2772	45.0	45.0	45.0
2773	32.0	30.0	33.0
2774	70.0	70.0	77.0
2775	8.0	8.0	8.0
2776	60.0	60.0	60.0
2777	70.0	70.0	70.0
2778	30.0	30.0	30.0
2779	40.0	27.0	27.0
2780	35.0	35.0	35.0
2781	35.0	35.0	35.0
2782	35.0	35.0	35.0
2783	40.0	40.0	48.0
2784	45.0	45.0	45.0
2785	68.0	68.0	68.0
2786	35.0	35.0	35.0
2787	65.0	32.0	65.0
2788	65.0	90.0	90.0
2789	42.0	45.0	45.0
2790	62.0	62.0	62.0
2791	45.0	43.0	45.0
2792	200.0	200.0	200.0
2793	275.0	275.0	275.0
2794	32.0	32.0	32.0
2795	30.0	30.0	30.0
2796	35.0	35.0	40.0
2797	15.0	15.0	15.0
2798	28.0	28.0	28.0
2799	45.0	45.0	45.0
2800	50.0	50.0	50.0
2801	4.8	4.8	4.8
2802	46.0	46.0	46.0
2803	3.8	3.8	3.8
2804	34.0	34.0	35.0
2805	24.0	24.0	24.0
2806	26.0	26.0	26.0
2807	12.0	12.0	12.0
2808	46.0	42.0	42.0
2809	28.0	28.0	28.0
2810	60.0	60.0	60.0
2811	2.5	2.5	2.5
2812	50.0	50.0	50.0
2813	80.0	75.0	75.0
2814	55.0	55.0	38.0
2815	36.0	36.0	32.0
2816	6.0	6.0	6.0
2817	6.0	6.0	6.0
2818	50.0	45.0	45.0
2819	105.0	105.0	105.0
2820	58.0	58.0	58.0
2821	22.0	22.0	24.0
2822	145.0	145.0	145.0
2823	81.0	81.0	81.0
2824	120.0	130.0	130.0
2825	80.0	80.0	
2826	10.0	10.0	10.0
2827	18.0	18.0	18.0
2828	18.0	17.0	17.0
2829	10.0	10.0	16.0
2830	370.0	335.0	355.0
2831	420.0	420.0	450.0
2832	60.0	60.0	58.0
2833	45.0	44.0	44.0
2834	68.0	68.0	68.0
2835	13.0	18.5	18.5
2836	80.0	80.0	80.0
2837	26.0	26.0	26.0
2838	37.0	37.0	35.0
2839	29.0	26.0	24.0
2840	10.0	10.0	10.0
2841	2.3	2.5	2.0
2842	110.0	110.0	110.0
2843	76.0	85.0	85.0
2844	59.0	59.0	59.0
2845	100.0	125.0	120.0
2846	110.0	100.0	123.0
2847	60.0	30.0	23.0
2848	4.5	4.5	5.0
2849	7.0	7.5	7.0
2850	7.0	7.0	6.5
2851	100.0	120.0	150.0
2852	22.0	24.0	20.0
2853	105.0	80.0	95.0
2854	85.0	85.0	85.0
2855	170.0	180.0	260.0
2856	50.0	70.0	72.0
2857	78.0	78.0	78.0
2858	32.0	35.0	28.0
2859	92.0	92.0	92.0
2860	100.0	110.0	117.0
2861	41.0	33.0	23.0
2862	52.0	48.0	45.0
2863	20.0	30.0	20.0
2864	23.0	25.0	21.0
2865	56.0	70.0	70.0
2866	30.0	30.0	30.0
2867	36.0	36.0	36.0
2868	18.0	18.0	18.0
2869	4.8	4.8	4.8
2870	61.2	61.2	61.2
2871	95.0	95.0	95.0
2872	30.0	30.0	20.0
2873	23.0	23.0	23.0
2874	24.0	24.0	24.0
2875	65.0	71.0	71.0
2876	77.0	77.0	77.0
2877	120.0	115.0	115.0
2878	14.0	14.0	14.0
2879	40.8	40.8	40.8
2880	72.0	72.0	72.0
2881	42.0	38.0	38.0
2882	38.0	35.0	35.0
2883	25.0	25.0	25.0
2884	29.0	29.0	29.0
2885	38.0	38.0	38.0
2886	10.0	10.0	10.0
2887	65.0	48.0	180.0
2888	35.0	35.0	35.0
2889	14.0	14.0	14.0
2890	5.0	5.0	5.0
2891	5.0	5.0	5.0
2892	15.0	15.0	15.0
2893	9.0	9.0	9.0
2894	85.0	85.0	85.0
2895	190.0	172.0	172.0
2896	120.0	120.0	120.0
2897	40.0	40.0	40.0
2898	40.0	40.0	40.0
2899	3.0	3.0	3.0
2900	15.0	15.0	15.0
2901	20.0	20.0	20.0
2902	40.0	40.0	40.0
2903	31.0	31.0	31.0
2904	37.0	37.0	37.0
2905	40.0	40.0	40.0
2906	15.0	15.0	15.0
2907	38.0	38.0	38.0
2908	80.0	80.0	80.0
2909	45.0	45.0	45.0
2910	20.0	20.0	20.0
2911	30.0	30.0	30.0
2912	47.0	47.0	47.0
2913	40.5	40.5	40.5
2914	19.8	19.5	19.8
2915	7.0	7.0	7.0
2916	27.0	27.0	27.0
2917	27.0	27.0	27.0
2918	29.7	29.7	29.7
2919	28.0	28.0	28.0
2920	36.0	36.0	36.0
2921	18.0	18.0	18.0
2922	28.0	28.0	28.0
2923	73.0	73.0	
2924	45.0	45.0	
2925	60.0	60.0	60.0
2926	65.0	65.0	65.0
2927	37.0	37.0	37.0
2928	58.5	58.5	58.5
2929	50.0	50.0	50.0
2930	61.0	60.0	61.0
2931	82.0	82.0	82.0
2932	190.0	190.0	190.0
2933	25.0	25.0	25.0
2934	34.0	34.0	34.0
2935	21.5	21.5	21.5
2936	15.0	15.0	15.0
2937	10.0	10.0	10.0
2938	28.0	28.0	
2939	45.0	55.0	55.0
2940	45.0	45.0	45.0
2941	5.0	5.0	5.0
2942	44.0	44.0	
2943	4.0	4.0	4.0
2944	30.0	30.0	30.0
2945	25.0	25.0	25.0
2946	10.0	10.0	10.0
2947	18.0	20.0	20.0
2948	29.0	29.0	29.0
2949	15.0	15.0	15.0
2950	3.0	3.0	2.5
2951	45.0	45.0	45.0
2952	65.0	65.0	65.0
2953	40.0	40.0	40.0
2954	34.0	34.0	34.0
2955	6.5	6.5	6.0
2956	55.0	55.0	55.0
2957	100.0	100.0	90.0
2958	65.0	65.0	65.0
2959	25.0	23.0	23.0
2960	10.0	10.0	10.0
2961	25.0		
2962	35.0	35.0	35.0
2963	150.0	130.0	150.0
2964	85.0	85.0	85.0
2966	40.0	40.0	40.0
2967	5.0		
2968	6.0	6.0	6.0
2969	40.0	40.0	40.0
2970	18.0	18.0	18.0
2971	18.4	18.0	18.0
2972	140.0	140.0	140.0
2973	32.0	32.0	32.0
2974	13.0	13.0	13.0
2975	77.0	77.0	77.0
2976	30.0	29.0	28.0
2977	10.0	10.0	10.0
2978	2.5	2.5	2.5
2979	150.0	150.0	
2980	75.0	75.0	75.0
2981	72.0	72.0	62.0
2982	34.0	34.0	35.0
2983	4.0	2.0	2.0
2984	60.0	60.0	60.0
2985	6.0	6.0	6.0
2986	7.0	7.0	7.0
2987	90.0	85.0	90.0
2988	200.0	350.0	450.0
2989	55.0	55.0	55.0
2990	35.0	35.0	50.0
2991	95.0	90.0	90.0
2992	150.0	140.0	111.0
2993	88.0	88.0	88.0
2994	55.0	60.0	60.0
2995	60.0	60.0	60.0
2996	28.0	25.0	25.0
2997	30.0	30.0	25.0
2998	40.0	40.0	40.0
2999	50.0	50.0	45.0
3000	20.0	20.0	20.0
3001	5.0	5.0	5.0
3002	110.0	110.0	110.0
3003	38.0	38.0	48.0
3004	48.0	48.0	48.0
3005	70.0	70.0	70.0
3006	15.0	15.0	15.0
3007	205.0	205.0	205.0
3008	35.0	35.0	35.0
3009	37.0	37.0	37.0
3010	14.0	14.0	14.0
3011	15.0	15.0	14.0
3012	40.0	40.0	40.0
3013	11.0	9.0	9.0
3014	90.0	70.0	65.0
3015	10.0	10.0	10.0
3016	20.0	20.0	19.0
3017	10.0	10.0	10.0
3018	8.0	6.0	5.0
3019	2.0	2.0	2.0
3020	3.0	3.0	3.0
3021	40.0	28.0	28.0
3022	95.0	95.0	95.0
3023	175.0	175.0	175.0
3024	2.5	2.5	2.5
3025	40.0	40.0	40.0
3026	15.0	15.0	15.0
3027	32.0	32.0	32.0
3028	245.0	245.0	245.0
3029	240.0	240.0	240.0
3030	85.0	85.0	85.0
3031	11.0	11.0	11.0
3032	30.0	30.0	45.0
3033	20.0	20.0	35.0
3034	40.0	40.0	
3035	20.0	20.0	20.0
3036	35.0	35.0	35.0
3037	58.0	58.0	58.0
3038	70.0	70.0	70.0
3039	25.0	25.0	25.0
3040	44.0	44.0	44.0
3041	85.0	85.0	
3042	9.0	9.0	9.0
3043	30.0	30.0	30.0
3044	65.0	70.0	70.0
3045	92.0	92.0	92.0
3046	30.0	28.0	28.0
3047	57.0	57.0	56.0
3048	35.0	35.0	35.0
3049	33.0	33.0	33.0
3050	135.0	135.0	135.0
3051	135.0	135.0	
3052	41.0	41.0	41.0
3053	68.0	68.0	68.0
3054	90.0	90.0	90.0
3055	160.0	160.0	160.0
3056	35.0	40.0	40.0
3057	30.0	30.0	30.0
3058	38.0	38.0	38.0
3059	10.0	10.0	10.0
3060	48.0	48.0	48.0
3061	45.0	45.0	45.0
3062	4.8	4.8	4.8
3063	32.0	32.0	32.0
3064	3.8	3.8	3.8
3065	34.0	34.0	34.0
3066	26.0	26.0	26.0
3067	14.0	14.0	14.0
3068	18.0	18.0	18.0
3069	12.0	12.0	12.0
3070	46.0	46.0	46.0
3071	17.0	17.0	17.0
3072	29.0	29.0	29.0
3073	18.0	20.0	18.0
3074	19.0	19.0	17.0
3075	15.0	15.0	15.0
3076	3.0	3.0	3.0
3077	50.0	50.0	50.0
3078	47.0	47.0	47.0
3079	55.0	55.0	55.0
3080	31.0	31.0	31.0
3081	8.0	8.0	8.0
3082	48.0	48.0	48.0
3083	82.0	82.0	82.0
3084	24.0	24.0	24.0
3085	90.0	90.0	95.0
3086	12.0	12.0	12.0
3087	125.0	135.0	125.0
3088	155.0	155.0	155.0
3089	12.0	12.0	12.0
3090	10.0	15.0	10.0
3091	18.0	18.0	18.0
3092	18.0	16.0	16.0
3093	15.0	15.0	15.0
3094	187.0	187.0	198.0
3095	25.0	25.0	25.0
3096	49.0	53.0	53.0
3097	30.0	35.0	35.0
3098	15.0	15.0	15.0
3099	80.0	78.0	78.0
3100	13.0	13.0	13.0
3101	40.0	39.0	39.0
3102	29.0	27.0	27.0
3103	2.5	2.5	2.3
3104	150.0	150.0	150.0
3105	105.0	105.0	105.0
3106	59.0	59.0	59.0
3107	15.0	13.0	12.0
3108	50.0	50.0	50.0
3109	6.0	6.0	6.0
3110	7.0	7.0	7.0
3111	3.5	4.0	3.5
3112	80.0	80.0	75.0
3113	50.0	50.0	50.0
3114	100.0	100.0	100.0
3115	115.0	115.0	135.0
3116	45.0	40.0	40.0
3117	55.0	65.0	65.0
3118	30.0	32.0	20.0
3119	28.0	25.0	22.0
3120	12.0	12.0	12.0
3121	13.0	13.0	13.0
3122	20.0	19.0	20.0
3123	20.0	20.0	20.0
3124	4.8	4.8	4.8
3125	69.0	69.0	69.0
3126	122.0	122.0	122.0
3127	28.0	28.0	28.0
3128	73.0	73.0	73.0
3129	67.0	67.0	67.0
3130	12.0	12.0	12.0
3131	120.0	120.0	120.0
3132	37.0	37.0	37.0
3133	48.0	48.0	37.0
3134	38.0	38.0	38.0
3135	26.0	26.0	26.0
3136	29.0	29.0	29.0
3137	16.0	16.0	16.0
3138	36.0	36.0	36.0
3139	10.0	10.0	10.0
3140	75.0	75.0	75.0
3141	38.0	38.0	38.0
3142	12.0	12.0	12.0
3143	1.0	1.0	2.0
3144	2.0	2.0	2.0
3145	3.0	3.0	3.0
3146	10.0	9.0	9.0
3147	79.0	79.0	79.0
3148	82.0	82.0	82.0
3149	49.0	45.0	45.0
3150	115.0	115.0	115.0
3151	38.0	38.0	38.0
3152	6.0	6.0	6.0
3153	16.0	16.0	16.0
3154	40.0	40.0	40.0
3155	245.0	240.0	240.0
3156	245.0	240.0	240.0
3157	26.0	26.0	26.0
3158	38.0	38.0	38.0
3159	38.0	40.0	40.0
3160	43.0	41.0	41.0
3161	21.0	21.0	21.0
3162	31.0	31.0	31.0
3163	58.0	60.0	60.0
3164	45.0	45.0	49.0
3165	5.0	5.0	5.0
3166	16.0	16.0	16.0
3167	120.0	120.0	120.0
3168	60.0	60.0	60.0
3169	50.0	50.0	50.0
3170	55.0	55.0	55.0
3171	12.0	18.0	18.0
3172	28.0	28.0	28.0
3173	80.0	80.0	80.0
3174	30.0	30.0	30.0
3175	28.0	28.0	28.0
3176	38.0	38.0	38.0
3177	40.0	40.0	40.0
3178	30.0	30.0	30.0
3179	49.0	49.0	49.0
3180	57.0	57.0	57.0
3181	38.0	38.0	38.0
3182	39.0	39.0	39.0
3183	47.0	47.0	47.0
3184	28.0	28.0	28.0
3185	25.0	25.0	25.0
3186	80.0	80.0	85.0
3187	33.0	33.0	33.0
3188	16.0	16.0	16.0
3189	15.0	15.0	15.0
3190	31.0	31.0	31.0
3191	43.0	43.0	43.0
3192	49.0	49.0	49.0
3193	5.0	5.0	5.0
3194	42.0	42.0	42.0
3195	17.5	16.0	16.0
3196	33.0	35.0	33.0
3197	23.0	23.0	23.0
3198	14.0	14.0	14.0
3199	20.0	20.0	20.0
3200	42.0	41.0	43.0
3201	16.0	16.0	16.0
3202	30.0	30.0	28.0
3203	27.0	27.0	27.0
3204	15.0	15.0	12.0
3205	2.5	2.5	2.5
3206	80.0	80.0	80.0
3207	89.0	89.0	89.0
3208	55.0	55.0	55.0
3209	31.0	31.0	31.0
3210	6.5	7.0	6.5
3211	20.0	20.0	20.0
3212	170.0	170.0	170.0
3213	58.0	58.0	58.0
3214	55.0	55.0	55.0
3215	92.0	92.0	92.0
3216	10.0	10.0	10.0
3217	100.0	100.0	100.0
3218	225.0	225.0	225.0
3219	10.0	10.0	10.0
3220	20.0	20.0	20.0
3221	78.0	77.0	77.0
3222	17.0	17.0	17.0
3223	18.0	18.0	18.0
3224	17.0	17.0	16.5
3225	190.0	190.0	190.0
3226	11.0	11.0	11.0
3227	64.0	64.0	64.0
3228	40.0	40.0	40.0
3229	51.0	51.0	51.0
3230	188.0	185.0	185.0
3231	37.0	37.0	37.0
3232	30.0	30.0	27.0
3233	9.0	9.0	9.0
3234	2.5	2.5	2.0
3235	150.0	150.0	160.0
3236	60.0	60.0	60.0
3237	44.0	44.0	44.0
3238	55.0	55.0	55.0
3239	10.0	12.0	10.0
3240	40.0	40.0	40.0
3241	6.0	5.0	5.0
3242	5.0	7.0	7.0
3243	120.0	120.0	150.0
3244	30.0	30.0	30.0
3245	160.0	160.0	75.0
3246	90.0	80.0	80.0
3247	200.0	350.0	120.0
3248	80.0	50.0	50.0
3249	60.0	60.0	60.0
3250	50.0	31.0	31.0
3251	89.0	80.0	80.0
3252	87.0	87.0	87.0
3253	95.0	95.0	95.0
3254	40.0	32.0	32.0
3255	65.0	65.0	65.0
3256	30.0	30.0	25.0
3257	30.0	30.0	25.0
3258	25.0	25.0	25.0
3259	25.0	25.0	25.0
3260	19.0	17.0	17.0
3261	5.0	4.0	4.0
3262	5.0	5.0	5.0
3263	81.0	81.0	68.0
3264	50.0	50.0	50.0
3265	14.0	14.0	14.0
3266	72.0	72.0	72.0
3267	100.0	85.0	85.0
3268	250.0	250.0	250.0
3269	28.0	28.0	28.0
3270	39.0	39.0	39.0
3271	35.0	35.0	35.0
3272	25.0	25.0	25.0
3273	29.0	27.0	27.0
3274	37.0	35.0	37.0
3275	8.5	8.5	8.5
3276	90.0	90.0	90.0
3277	37.0	37.0	37.0
3278	10.0	10.0	10.0
3279	10.0	10.0	10.0
3280	5.0	5.0	5.0
3281	5.0	6.0	6.0
3282	30.0	27.0	27.0
3283	92.0	92.0	85.0
3284	54.0	54.0	54.0
3285	115.0	110.0	108.0
3286	11.0	11.0	11.0
3287	3.0	3.0	3.0
3288	14.5	14.5	14.5
3289	40.0	40.0	40.0
3290	20.0	20.0	
3292	599.0	559.0	599.0
3293	96.7	96.7	97.0
3294	825.0	825.0	825.3
3295	1380.0	1380.0	1380.0
3296	945.0	945.0	945.0
3297	810.0	810.0	810.0
3298	25.0	25.0	25.0
3299	127.4	127.4	122.0
3300	249.0	249.0	249.0
3301	40.0	45.0	45.0
3302	37.0	37.0	37.0
3303	36.0	36.0	36.0
3304	170.0	170.0	170.0
3305	72.0	72.0	72.0
3306	50.0	50.0	50.0
3307	21.0	21.0	21.0
3308	147.0	147.0	148.0
3309	91.0	91.0	91.0
3310	117.0	117.0	117.0
3311	31.0	31.0	31.0
3312	35.0	35.0	35.0
3313	35.0	35.0	35.0
3314	46.0	46.0	46.0
3315	17.0	16.0	16.0
3316	51.0	51.0	51.0
3317	36.0	36.0	36.0
3318	51.0	51.0	51.0
3319	77.0	77.0	77.0
3320	100.0	100.0	100.0
3321	92.0	92.0	92.0
3322	25.0	25.0	25.0
3323	190.0	190.0	190.0
3324	13.0	12.0	12.0
3325	82.0	82.0	82.0
3326	82.0	82.0	82.0
3327	15.0	15.0	15.0
3328	70.0	70.0	70.0
3329	55.0	55.0	55.0
3330	39.0	39.0	39.0
3331	5.0	5.0	5.0
3332	45.0	52.0	52.0
3333	4.0	4.0	4.0
3334	36.0	36.0	36.0
3335	25.0	25.0	25.0
3336	12.0	12.0	12.0
3337	43.0	43.0	43.0
3338	16.0	18.0	18.0
3339	36.0	33.0	33.0
3340	15.0	15.0	15.0
3341	15.0	15.0	15.0
3342	2.5	2.5	2.5
3343	80.0	80.0	80.0
3344	60.0	60.0	60.0
3345	55.0	55.0	55.0
3346	33.0	33.0	33.0
3347	7.0	7.0	7.0
3348	48.0	48.0	48.0
3349	105.0	100.0	100.0
3350	85.0	85.0	85.0
3351	27.0	27.0	27.0
3352	90.0	90.0	90.0
3353	10.0	10.0	10.0
3354	140.0	150.0	150.0
3355	90.0	90.0	90.0
3356	10.0	10.0	10.0
3357	10.0	10.0	10.0
3358	18.0	18.0	18.0
3359	17.0	17.0	17.0
3360	16.0	17.0	17.0
3361	84.0	88.0	88.0
3362	15.0	15.0	15.0
3363	60.0	45.0	45.0
3364	15.0	15.0	15.0
3365	15.0	15.0	15.0
3366	150.0	150.0	150.0
3367	26.0	25.0	26.0
3368	2.5	2.5	2.5
3369	180.0	180.0	180.0
3370	85.0	67.0	67.0
3371	33.0	33.0	33.0
3372	50.0	50.0	50.0
3373	50.0	50.0	50.0
3374	5.0	5.0	5.0
3375	7.0	7.0	7.0
3376	20.0	15.0	20.0
3377	100.0	120.0	120.0
3378	50.0	50.0	55.0
3379	70.0	80.0	80.0
3380	40.0	40.0	40.0
3381	20.0	30.0	30.0
3382	80.0	100.0	100.0
3383	100.0	75.0	100.0
3384	100.0	100.0	130.0
3385	40.0	50.0	45.0
3386	60.0	90.0	80.0
3387	30.0	30.0	25.0
3388	30.0	30.0	20.0
3389	25.0	30.0	30.0
3390	20.0	20.0	20.0
3391	4.0	4.0	4.0
3392	5.0	5.0	5.0
3393	61.0	61.0	61.0
3394	50.0	50.0	50.0
3395	48.0	48.0	48.0
3396	25.0	25.0	25.0
3397	15.0	15.0	15.0
3398	240.0	240.0	240.0
3399	32.0	32.0	
3400	45.0	38.0	38.0
3401	46.0	50.0	50.0
3402	27.0	27.0	27.0
3403	30.0	30.0	30.0
3404	37.0	37.0	37.0
3405	9.0	9.0	9.0
3406	80.0	110.0	110.0
3407	40.0	38.0	38.0
3408	10.0	10.0	10.0
3409	18.0	18.0	18.0
3410	35.0	37.0	37.0
3411	8.0	8.0	8.0
3412	84.0	92.0	92.0
3413	55.0	55.0	55.0
3414	105.0	105.0	105.0
3415	40.0	40.0	40.0
3416	3.0	3.0	3.0
3417	15.0	15.0	15.0
3418	40.0	40.0	40.0
3419	220.0	220.0	220.0
3420	35.0	35.0	35.0
3421	1.0	1.0	1.0
3422	38.0	38.0	38.0
3423	20.0	21.0	21.0
3424	30.0	30.0	30.0
3425	20.0	20.0	20.0
3426	58.0	58.0	58.0
3427	35.0	35.0	35.0
3428	45.0	45.0	45.0
3429	68.0	68.0	68.0
3430	40.0	40.0	40.0
3431	70.0	70.0	70.0
3432	45.0	45.0	45.0
3433	75.0	75.0	75.0
3434	8.0	8.0	8.0
3435	8.0	8.0	8.0
3436	30.0	30.0	30.0
3437	75.0	78.0	78.0
3438	28.0	32.0	32.0
3439	45.0	45.0	45.0
3440	36.0	36.0	36.0
3441	220.0	220.0	220.0
3442	25.0	25.0	25.0
3443	60.0	60.0	60.0
3444	95.0	95.0	95.0
3445	45.0	45.0	45.0
3446	20.0	20.0	20.0
3447	225.0	250.0	250.0
3448	35.0	35.0	35.0
3449	25.0	25.0	25.0
3450	12.0	15.0	15.0
3451	35.0	35.0	35.0
